17,25,30,19,24,0,13,9,2,12,22,14,0,0,16,5,0,21,23,4,6,15,26,29,1,7,3,10,20,18
28,24,26,22,6,12,15,19,0,30,4,13,16,3,25,7,10,27,0,21,17,8,0,20,9,2,29,14,11,18
30,10,5,19,11,17,6,0,0,29,12,25,22,0,2,3,15,21,0,0,4,28,14,7,9,8,23,0,18,27
0,29,17,0,30,0,14,7,10,18,9,25,0,28,23,20,24,13,5,12,22,19,8,0,15,0,3,2,26,0
8,0,17,6,20,0,14,3,23,29,10,22,19,5,0,0,28,7,2,21,1,18,27,16,13,0,24,0,26,9
0,5,22,6,0,29,10,12,26,9,19,21,7,28,16,18,3,4,23,24,13,0,2,0,17,0,0,0,20,0
26,1,11,16,7,0,8,27,30,0,17,20,6,29,19,23,2,9,0,28,18,10,15,21,14,24,22,13,4,12
9,25,1,20,13,11,15,26,14,18,10,21,23,0,19,4,27,0,24,30,17,2,3,22,6,7,5,0,16,0
7,20,22,0,9,17,0,28,10,0,0,6,4,29,27,30,15,2,0,0,8,5,11,26,21,0,24,19,1,13
0,17,28,13,27,19,8,29,0,23,7,24,11,2,18,12,0,21,10,14,9,16,0,6,4,0,25,26,3,5
22,13,28,9,1,0,16,14,30,21,15,4,3,2,17,23,0,7,24,26,12,18,0,10,20,0,8,5,19,6
0,11,20,27,10,4,16,9,28,26,23,22,7,3,14,0,24,21,17,1,13,5,8,0,6,29,2,0,15,12
18,20,16,14,29,17,21,9,27,8,1,4,11,5,13,0,0,12,0,10,0,15,26,19,22,0,24,23,30,6
0,12,27,30,0,24,1,5,23,0,14,11,3,25,7,19,9,4,0,29,0,21,18,20,8,0,17,16,10,26
15,19,18,16,0,17,6,3,20,26,8,27,12,30,23,1,21,7,29,0,24,9,25,2,11,14,5,13,0,0
14,12,19,0,30,0,2,3,11,24,22,10,21,0,27,26,9,25,0,13,7,0,17,16,28,0,4,5,0,6
14,4,27,0,19,5,1,13,12,26,23,3,2,29,0,15,9,11,30,16,8,24,20,7,0,28,21,6,10,25
4,23,12,0,26,3,8,9,2,7,16,25,0,28,5,0,21,27,14,24,0,0,20,17,0,30,22,6,11,18
23,0,21,0,27,12,0,0,0,29,18,0,22,0,6,3,24,30,1,15,14,0,16,7,10,0,9,11,26,8
17,20,0,8,30,1,10,2,3,29,24,11,28,27,19,5,12,0,4,25,26,9,21,0,13,7,16,18,15,23
3,9,20,23,4,29,12,10,25,0,30,0,0,19,18,24,7,6,13,11,22,16,0,14,8,0,21,15,1,2
17,26,0,22,3,13,27,10,15,9,12,29,19,24,7,4,21,11,2,1,6,5,16,20,14,28,18,23,25,8
30,21,0,29,28,12,2,16,19,0,14,0,5,0,0,13,23,24,6,22,8,17,4,25,3,18,0,10,11,20
8,15,12,17,14,0,22,3,30,0,23,0,11,0,9,4,27,0,13,5,19,2,10,26,18,20,1,0,7,25
0,0,0,26,4,20,6,14,29,21,0,13,25,19,8,18,7,22,5,9,1,0,10,28,24,30,2,15,23,16
8,0,30,18,3,7,27,19,26,14,1,23,15,2,5,4,25,0,16,24,20,13,17,0,21,12,9,0,22,0
14,27,2,6,0,24,11,28,0,4,1,25,0,22,8,29,18,19,3,17,15,5,10,12,16,0,21,7,26,0
0,14,0,16,6,23,12,22,3,11,0,0,7,18,26,0,27,29,0,30,4,17,20,28,21,25,24,1,10,0
26,7,0,12,10,4,0,18,0,17,0,2,24,25,20,21,16,22,11,28,6,15,3,0,23,0,1,27,8,29
28,9,0,0,29,8,0,0,30,25,19,10,16,21,14,0,2,26,18,3,12,27,24,1,11,17,15,0,0,7
6,22,29,14,26,0,0,7,12,4,1,3,27,21,19,0,15,20,30,16,17,0,2,0,8,23,10,11,13,0
16,7,4,8,21,5,25,24,18,0,13,11,10,29,3,12,2,0,17,9,22,26,20,23,14,28,30,27,1,15
25,26,30,0,10,0,6,9,7,8,13,1,0,0,0,23,28,2,0,18,5,0,17,3,4,15,29,24,12,27
11,10,20,12,0,9,1,30,19,5,15,16,21,4,8,29,13,23,25,18,3,7,28,27,22,6,2,24,26,0
0,0,23,7,16,26,6,0,21,0,0,9,0,5,2,30,8,3,20,12,28,27,15,18,29,13,25,11,14,19
4,23,14,5,25,17,3,0,0,0,8,19,0,0,11,15,24,22,7,13,2,12,10,0,26,30,28,6,16,0
30,0,11,27,1,25,22,6,18,8,20,26,0,0,2,17,15,4,21,9,13,23,10,0,0,28,24,3,19,14
3,22,8,15,0,23,27,0,24,30,1,0,11,0,18,29,2,25,0,5,17,26,19,4,21,10,13,14,12,16
11,13,21,29,26,22,0,27,8,6,0,0,24,25,4,1,0,3,15,23,20,17,19,9,30,2,16,0,28,18
5,0,4,12,14,13,30,7,0,15,9,2,23,0,0,22,19,10,20,27,0,1,18,26,8,3,29,24,16,0
18,0,13,24,3,9,16,26,8,27,28,20,21,25,6,2,23,0,5,15,4,17,30,10,22,0,7,12,19,0
10,5,22,23,4,19,0,1,0,21,3,29,28,0,17,0,18,0,2,6,11,16,9,13,8,20,15,7,26,0
27,0,0,19,16,0,10,2,17,29,14,5,21,9,4,6,20,24,25,0,0,0,22,30,3,1,7,0,15,13
18,11,20,8,0,0,4,2,0,30,19,9,17,10,23,7,21,13,29,27,12,24,25,0,16,14,28,5,6,15
28,26,20,19,13,0,2,3,1,14,9,6,24,22,21,0,30,12,29,15,16,23,8,4,5,18,7,25,17,0
26,21,0,0,18,2,29,19,25,22,10,14,28,24,0,30,7,13,3,11,12,6,0,16,20,0,15,0,9,4
25,7,0,13,4,29,0,5,30,26,27,9,16,11,0,0,1,19,17,28,24,21,6,2,0,12,22,14,8,23
28,20,2,26,0,8,30,12,18,22,16,21,0,24,19,1,11,10,27,9,3,14,0,25,0,0,5,15,4,23
7,16,30,3,25,15,2,20,4,11,23,13,1,28,5,9,0,22,6,0,27,26,0,0,18,0,29,12,8,10
17,26,28,1,29,7,24,30,19,12,2,16,3,0,0,4,15,5,8,0,0,20,6,0,11,10,14,27,0,25
2,27,12,10,0,29,0,4,30,0,21,7,14,18,6,5,0,16,8,0,28,15,17,3,11,24,25,26,0,20
12,7,19,0,16,27,26,9,6,2,30,0,3,4,25,28,29,23,8,0,0,14,0,15,13,1,20,11,10,0
0,19,1,0,20,14,12,16,11,7,28,0,26,5,25,18,0,23,6,24,0,8,4,15,22,0,0,27,0,17
0,5,27,19,0,25,11,17,1,14,2,0,28,9,0,24,6,0,0,29,18,0,20,3,16,21,12,30,22,4
17,11,1,23,12,28,21,26,4,2,0,18,30,0,0,6,0,7,8,0,15,19,0,0,13,29,9,27,10,20
22,0,29,28,15,20,6,23,11,13,8,27,5,3,14,25,7,0,0,2,9,18,4,21,30,16,17,0,12,0
7,0,1,29,2,18,14,28,10,0,12,20,4,6,30,11,15,25,23,5,8,0,24,0,9,0,13,0,17,21
0,5,23,28,9,10,14,0,8,26,0,7,18,0,6,21,4,29,11,25,0,2,30,16,17,24,15,0,22,20
29,27,0,13,1,17,0,6,25,7,16,15,28,5,14,30,0,23,21,19,9,4,11,12,22,10,3,26,20,0
0,30,0,7,0,15,11,19,0,9,25,28,0,16,0,26,18,23,5,13,1,2,14,4,22,21,3,0,0,6
22,23,25,24,2,0,28,19,30,20,7,0,10,29,21,14,15,6,5,26,13,9,0,18,4,1,3,16,0,12
22,17,16,15,3,5,20,30,2,0,18,21,9,0,13,12,6,8,29,25,1,26,11,23,24,0,10,0,14,0
0,15,0,17,12,9,30,10,0,14,2,18,7,0,1,20,23,13,25,4,22,29,0,28,11,3,5,27,16,0
8,14,0,17,29,5,19,18,15,6,10,21,16,0,12,20,3,22,9,4,24,13,28,2,0,11,7,1,27,26
27,6,29,9,0,30,17,0,0,8,10,4,24,22,7,1,12,21,0,16,19,11,20,14,18,0,15,2,23,0
30,18,20,0,9,17,5,1,0,23,7,10,0,26,16,14,12,29,2,28,8,24,21,27,19,25,6,11,4,3
18,25,19,0,27,3,0,4,16,6,29,23,30,22,0,14,0,17,20,21,0,13,1,26,12,9,10,0,7,15
9,12,14,0,0,0,16,18,30,20,1,0,24,0,19,4,0,0,25,11,26,0,28,17,23,13,5,10,21,6
17,19,12,0,18,27,15,9,6,28,29,0,14,24,0,22,3,23,25,26,13,0,21,2,16,11,0,20,5,0
0,19,13,23,26,20,5,27,0,9,3,2,17,15,0,28,1,0,6,10,25,24,11,18,16,0,14,0,8,21
8,0,13,15,4,2,12,9,6,27,7,29,10,26,21,3,14,19,0,28,22,23,0,1,16,30,0,18,24,20
3,12,10,13,14,27,1,29,16,19,23,5,15,0,0,0,21,7,17,0,25,30,26,6,2,9,0,18,22,4
23,0,27,0,11,9,1,29,0,12,8,5,28,3,18,0,7,4,10,30,0,14,22,26,2,16,15,6,21,24
26,17,7,5,22,0,29,14,15,2,12,8,25,3,23,4,28,27,10,19,11,0,24,30,0,16,0,21,0,20
22,15,27,29,0,16,26,13,18,25,4,0,23,9,24,0,6,21,10,0,19,8,11,30,7,12,0,3,20,1
8,11,0,0,0,30,19,9,0,1,26,23,22,0,0,4,24,28,20,10,2,18,0,0,27,0,14,25,21,0
2,17,27,1,13,0,0,29,25,3,15,18,0,26,0,14,5,9,0,22,30,19,20,8,23,4,7,24,6,10
0,12,17,7,20,27,30,3,29,15,10,21,22,0,0,14,23,1,18,11,4,26,19,25,28,24,5,8,13,16
11,6,9,0,26,14,18,24,10,22,0,1,30,19,4,21,0,8,27,3,17,29,5,0,20,7,12,16,15,23
14,27,19,18,2,0,29,22,30,11,5,0,26,7,0,0,13,3,10,12,0,28,17,8,1,15,24,6,0,4
24,5,0,0,13,21,9,15,22,2,0,30,16,20,6,7,1,0,18,0,4,19,26,0,8,0,23,10,14,25
22,13,27,2,6,16,29,20,12,24,0,4,23,30,19,11,9,0,8,10,25,15,14,28,0,18,0,0,3,7
17,29,0,0,18,8,22,5,1,23,28,19,12,0,9,7,6,26,24,0,30,25,21,3,2,0,14,27,15,16
3,15,14,7,19,12,17,0,6,26,1,0,28,0,0,18,21,9,10,16,23,24,27,0,13,8,0,2,5,29
0,11,9,0,30,19,0,0,14,16,8,28,6,20,25,3,10,15,29,24,4,0,7,13,1,12,21,18,27,0
11,28,22,0,10,26,27,7,25,0,0,9,5,21,30,24,0,20,1,29,13,0,16,17,6,3,14,4,23,8
30,4,0,21,7,18,26,19,8,0,6,0,1,0,0,5,14,23,11,0,25,27,16,0,20,28,0,29,2,15
11,22,0,20,25,5,8,29,16,17,12,14,10,24,18,0,6,1,0,27,0,13,30,4,28,21,26,7,19,9
0,22,0,1,2,26,17,20,24,11,3,21,15,7,5,14,25,0,9,12,18,0,16,0,13,27,10,6,30,4
0,27,30,9,4,25,6,23,20,22,12,16,14,3,17,10,0,11,1,19,29,0,28,2,0,21,0,26,5,0
19,0,26,21,13,0,9,25,12,16,6,8,14,20,10,28,27,2,11,0,24,3,7,18,30,17,15,0,23,22
0,0,23,24,27,0,21,20,0,6,28,4,2,0,18,0,30,0,15,25,22,10,0,17,19,29,7,8,11,3
8,27,21,24,0,1,14,15,0,3,26,19,17,0,0,23,10,22,0,12,7,4,2,25,13,0,20,6,28,9
19,5,26,1,7,29,23,0,28,16,4,14,9,27,0,8,11,0,12,2,3,18,24,22,10,6,21,0,25,17
21,17,0,5,2,27,1,12,20,19,6,30,11,0,13,9,24,10,0,0,28,8,15,16,4,14,3,22,18,26
11,22,1,8,29,9,16,0,0,27,2,17,20,0,7,28,30,26,0,6,24,25,13,10,21,0,18,14,23,4
18,16,0,0,4,19,0,29,10,6,2,0,8,1,28,7,26,21,23,15,27,14,3,12,0,22,30,11,25,9
22,5,11,9,4,3,29,0,0,23,28,0,24,12,1,6,2,10,0,15,0,7,26,16,8,20,19,17,13,27
3,17,0,19,8,28,4,0,23,2,20,18,7,16,10,5,0,30,27,0,0,25,14,29,1,11,22,24,26,21
30,7,4,6,8,9,1,26,0,17,3,14,22,0,12,24,0,27,0,2,16,20,25,18,10,11,29,19,28,23
25,1,22,11,0,23,0,17,6,0,8,20,10,27,4,13,26,0,5,24,0,15,0,0,28,12,3,19,30,2
0,23,30,16,6,29,25,18,28,17,22,15,0,0,19,20,0,2,0,9,1,10,11,12,4,24,13,8,26,5
17,14,5,0,26,0,11,3,30,29,8,4,0,10,0,12,25,2,24,7,28,0,19,18,0,1,22,20,0,13
26,10,13,7,8,15,6,20,0,5,30,18,24,1,29,12,4,0,22,21,11,2,25,16,0,0,0,0,3,27
0,1,25,26,22,2,18,19,5,0,14,10,17,8,16,3,24,0,0,0,28,4,0,29,21,11,12,9,23,15
18,22,14,16,9,4,19,3,8,0,5,10,17,20,6,21,15,0,29,25,11,7,28,26,0,27,13,24,30,23
21,19,13,16,23,9,1,14,26,15,17,0,25,11,0,3,28,6,10,18,24,20,22,0,27,4,0,30,12,0
23,28,0,24,19,5,26,27,18,4,17,7,30,12,29,25,16,0,11,6,2,9,20,21,14,10,15,22,1,3
2,7,11,23,17,20,0,15,12,0,24,30,4,5,27,0,8,16,25,29,9,1,0,0,18,10,26,6,3,13
3,19,22,26,10,18,20,16,0,14,23,27,17,30,21,12,5,0,4,2,29,6,15,28,0,13,1,7,24,8
7,25,11,2,0,9,27,22,14,24,0,0,30,10,4,23,18,20,26,13,6,17,29,8,1,0,16,5,0,0
25,4,22,9,0,0,14,2,13,0,20,8,30,23,16,26,24,27,5,6,0,18,0,7,29,11,12,0,15,10
29,22,17,0,2,0,11,5,28,6,21,20,23,4,30,0,8,3,14,27,0,13,26,12,16,15,1,0,19,25
6,25,20,9,15,24,0,0,29,0,23,14,5,0,17,3,28,8,22,12,7,2,18,0,0,27,21,19,0,26
20,21,19,22,26,15,0,2,23,29,24,0,12,28,17,11,0,9,14,0,1,16,10,5,18,0,7,13,30,6
0,9,1,19,30,26,4,28,20,27,8,5,6,12,16,11,18,15,0,23,2,13,7,21,14,29,24,10,0,0
11,30,20,0,28,23,19,5,12,14,25,0,3,2,6,24,10,0,0,7,8,17,18,15,22,13,9,4,27,0
24,25,19,1,4,26,0,29,21,23,12,0,5,16,22,28,11,30,9,0,10,2,0,8,7,20,6,0,17,15
9,0,28,16,18,23,10,30,29,2,19,13,11,1,20,0,4,12,25,24,0,21,5,8,0,0,0,6,3,0
17,5,25,0,30,28,0,14,24,7,21,0,19,11,20,27,16,12,18,13,6,26,3,29,8,23,10,9,0,15
19,11,2,14,15,25,16,28,3,20,30,0,0,17,10,21,9,8,26,22,12,24,18,6,7,13,5,4,0,29
14,0,25,11,2,7,16,0,0,22,23,3,19,6,8,4,12,9,17,18,24,13,30,26,1,0,21,29,15,0
0,16,24,12,19,0,0,23,11,1,30,0,10,6,18,17,26,2,28,0,3,20,13,15,7,5,0,22,21,4
22,30,25,28,18,5,19,13,15,20,3,9,29,1,8,4,21,12,26,17,6,16,14,23,7,24,10,2,0,0
30,28,5,29,22,2,20,1,21,19,24,26,25,13,0,12,4,7,27,0,15,23,17,9,0,0,16,3,11,0
23,16,9,29,7,0,19,11,28,17,5,0,0,22,3,4,24,14,13,6,15,10,12,20,26,8,25,27,30,21
0,0,26,25,7,13,6,21,30,18,5,3,2,20,14,4,16,0,0,0,22,23,24,11,29,15,28,19,12,8
17,25,30,23,18,2,9,5,27,13,0,15,14,0,21,11,0,10,0,4,3,7,0,29,16,0,0,26,12,19
4,18,1,25,0,12,13,0,28,6,16,5,9,23,10,29,7,30,2,22,0,24,0,11,14,27,3,15,8,21
29,30,19,26,18,0,8,1,28,3,0,22,5,17,9,24,0,0,25,6,20,15,4,2,27,21,13,14,10,12
26,5,28,29,27,17,12,20,0,0,3,10,22,7,18,1,16,4,6,11,23,8,9,14,13,25,0,0,0,0
19,28,8,24,0,4,20,10,0,1,2,25,29,12,22,30,18,14,0,0,27,9,15,5,0,6,11,7,16,26
10,0,9,19,29,21,25,15,11,22,13,4,8,26,12,2,0,7,27,6,16,28,20,0,24,0,18,23,1,3
12,16,10,3,28,5,26,18,2,11,15,0,9,0,7,29,13,23,24,8,14,0,25,22,6,0,1,0,20,0
23,16,13,22,8,18,1,10,29,3,26,0,25,0,27,15,4,21,5,0,19,7,28,11,0,2,0,12,6,24
4,17,0,5,18,0,9,11,26,8,19,22,16,0,25,28,14,20,12,13,7,6,27,1,3,23,30,2,0,15
27,6,13,0,23,0,24,16,10,0,19,1,7,0,22,3,20,0,14,30,9,0,0,4,8,12,0,2,18,0
23,21,24,27,11,15,26,12,7,6,0,25,30,18,3,20,28,17,2,9,0,10,19,1,22,13,16,4,0,5
15,25,12,26,19,1,22,28,0,11,2,16,14,4,24,6,0,8,7,18,10,9,30,27,29,17,20,0,0,21
4,29,12,24,7,19,28,20,13,0,0,27,16,9,30,17,10,26,15,23,0,6,5,22,3,21,8,18,0,11
18,8,0,29,27,1,22,25,28,2,10,5,12,17,6,4,3,20,16,7,0,19,0,0,26,21,30,0,24,11
2,3,0,6,15,26,27,10,20,23,4,13,21,5,11,28,0,9,0,16,0,19,14,30,29,12,8,25,22,1
17,12,29,0,19,8,0,25,0,14,0,5,23,16,1,7,27,11,6,0,28,15,21,18,20,30,2,3,0,22
4,19,0,6,24,15,8,3,28,30,21,0,20,12,23,5,29,2,7,18,1,9,0,14,26,17,13,0,27,16
0,10,16,17,9,4,2,19,0,22,0,24,0,3,5,0,0,12,15,28,30,18,7,21,0,8,13,0,1,25
14,17,0,11,18,24,10,0,12,20,28,0,22,6,1,30,7,26,25,21,3,0,13,23,4,0,9,8,27,2
8,4,0,0,0,29,0,0,1,30,16,7,0,27,9,21,11,23,2,6,5,24,28,13,12,17,22,15,10,26
30,0,20,22,24,8,10,0,0,17,26,19,14,28,11,25,27,16,5,0,2,23,7,1,29,13,12,0,4,3
11,29,0,0,20,22,3,10,1,18,23,14,24,0,8,15,25,7,21,17,9,4,12,16,0,27,0,5,28,26
20,15,2,30,8,17,11,25,6,18,26,9,14,19,16,29,5,0,3,28,0,0,7,22,1,10,12,21,24,27
21,0,25,23,20,11,24,19,26,5,13,2,0,0,8,9,15,1,10,28,4,30,7,0,17,3,14,0,0,29
30,0,27,15,3,23,22,20,28,0,1,9,24,0,10,11,0,5,6,18,26,19,21,14,0,16,0,25,2,12
5,28,30,2,17,10,0,0,13,16,0,19,20,18,6,27,7,8,11,3,0,0,0,9,4,24,0,26,0,29
27,6,21,0,10,22,16,4,2,0,23,15,8,26,3,12,13,1,5,19,20,18,7,9,17,0,25,24,0,14
18,7,14,26,19,1,23,0,4,20,0,21,30,6,28,10,11,0,0,2,17,0,24,12,0,16,0,0,0,9
0,15,8,0,25,5,11,13,20,4,24,18,10,29,12,27,6,16,0,17,26,1,9,21,14,0,0,23,22,28
22,0,0,5,23,21,1,4,10,18,29,20,12,16,14,25,28,24,0,9,19,17,3,0,0,7,15,6,2,13
0,27,7,10,24,9,5,26,0,11,8,28,1,17,21,6,22,0,30,0,19,0,3,2,16,18,29,25,0,12
25,15,2,0,10,0,28,30,18,23,20,22,21,0,0,26,0,3,8,1,14,9,6,16,5,27,19,4,13,29
0,5,1,20,0,21,16,4,28,0,26,17,24,0,18,3,11,14,15,29,13,7,9,0,2,0,12,8,19,10
17,0,9,23,16,19,20,29,7,0,10,14,0,8,28,22,3,5,0,4,0,24,13,2,15,21,6,0,11,18
28,30,0,27,20,23,12,9,22,1,0,0,29,26,5,11,8,16,14,21,0,2,24,17,3,0,25,0,4,0
26,1,2,23,0,0,27,9,28,20,29,14,10,0,8,0,0,19,21,12,3,17,11,18,30,22,16,6,7,0
3,24,26,2,13,9,0,27,0,0,23,18,30,5,4,20,0,14,17,29,16,6,25,10,28,15,1,19,22,21
6,12,15,18,1,21,0,0,2,30,0,20,4,22,5,7,14,0,0,11,23,27,29,3,0,16,8,0,0,28
0,19,7,9,28,12,30,0,24,21,22,27,2,11,29,1,26,0,25,23,15,0,4,0,0,14,3,18,6,17
11,14,6,26,9,30,25,4,13,19,0,0,23,20,0,0,28,1,18,22,0,16,0,21,5,27,7,29,12,8
23,13,16,0,22,14,17,12,15,29,28,10,26,11,20,25,0,1,21,4,5,7,30,6,0,27,9,18,3,19
16,17,13,5,6,11,23,4,21,9,2,0,8,20,0,30,0,12,18,25,27,19,22,3,26,24,0,1,28,15
29,4,19,28,0,0,0,0,30,7,1,26,23,20,24,0,5,27,18,3,0,0,16,0,12,2,8,13,9,6
3,27,21,0,17,24,8,20,0,0,13,5,2,29,22,30,10,28,0,12,18,0,7,0,15,0,4,11,23,19
3,13,0,19,0,21,6,0,27,0,5,20,17,22,0,24,16,29,0,8,12,2,0,26,30,15,11,0,14,1
13,20,10,16,26,18,5,0,0,24,1,0,3,0,7,19,21,14,30,15,6,2,22,0,4,17,28,8,9,23
19,24,22,0,10,0,25,29,20,0,3,23,14,7,12,11,0,0,30,21,0,26,8,0,27,5,0,1,16,4
24,22,26,8,28,4,25,17,0,29,0,20,21,10,23,1,15,5,0,3,19,9,11,7,18,0,12,30,6,27
26,0,18,21,25,0,24,27,19,3,4,22,8,15,28,5,11,13,0,0,30,0,9,16,6,23,12,2,1,10
13,8,18,30,7,0,25,12,22,0,3,20,0,9,29,11,26,0,16,17,19,0,0,21,4,14,28,1,5,6
16,28,8,0,24,27,17,21,22,23,1,3,26,2,11,14,0,7,30,15,0,13,12,9,20,4,29,5,0,0
20,14,9,0,3,30,1,6,28,25,27,0,23,13,21,22,29,11,26,19,17,24,16,12,5,8,0,4,7,2
29,17,16,0,0,1,2,22,28,18,10,23,19,24,8,9,6,0,21,11,7,30,0,27,26,15,0,20,5,0
0,19,30,7,8,24,9,10,29,0,17,22,15,18,16,23,28,1,21,27,25,0,6,4,12,14,0,0,20,26
4,6,13,20,1,19,11,0,21,9,17,14,25,26,27,3,0,28,12,24,2,16,30,22,10,7,23,15,18,5
7,23,1,11,0,24,25,20,15,0,29,3,18,12,5,14,27,17,16,4,2,19,13,28,0,30,0,8,10,21
22,0,0,5,19,4,0,14,2,27,7,0,3,29,13,21,26,9,28,1,23,11,18,6,12,8,17,15,25,24
12,8,25,20,28,0,19,18,11,16,30,9,21,29,23,2,13,5,14,6,26,15,1,0,10,7,4,22,27,17
0,17,26,25,24,0,12,10,14,22,4,11,1,15,27,9,29,23,30,19,7,21,16,13,2,0,0,5,18,3
19,6,29,10,0,24,26,17,25,9,0,28,3,2,0,13,15,5,23,14,8,16,7,21,20,4,0,30,0,27
20,16,25,27,28,29,8,2,10,30,26,9,12,1,11,4,24,21,5,23,0,0,0,0,6,18,0,22,13,19
9,19,0,11,14,15,12,23,27,0,1,0,22,0,7,3,8,0,13,28,10,17,29,2,4,20,24,21,30,18
26,5,28,0,23,29,30,6,3,17,21,1,9,0,18,0,11,22,27,14,19,0,7,0,15,13,2,25,16,4
16,27,30,0,22,7,14,10,29,21,18,9,23,15,19,13,0,1,8,25,17,4,2,12,26,24,5,6,11,0
0,14,29,24,0,28,10,3,12,0,20,1,19,0,30,13,11,23,9,8,0,4,17,16,26,15,7,25,2,18
23,22,4,0,27,1,9,0,3,12,17,15,0,19,2,21,0,6,18,5,10,29,8,14,11,0,0,0,0,24
21,4,11,17,0,29,27,25,0,20,0,0,12,23,30,19,9,2,26,6,24,28,8,13,16,5,0,3,7,10
0,14,15,22,13,7,30,11,10,6,4,21,0,23,0,0,8,0,28,24,1,25,26,9,0,20,0,0,12,5
18,21,0,26,25,0,11,14,0,28,6,5,16,19,4,7,22,27,30,15,29,9,3,0,20,24,17,12,8,1
0,0,10,2,14,28,21,0,0,16,12,24,26,13,1,6,3,8,15,27,9,4,20,5,0,23,22,19,18,7
0,13,12,28,0,4,3,24,20,16,15,6,8,1,2,18,9,25,29,14,0,0,5,22,0,27,0,30,17,26
17,6,16,2,8,29,21,0,12,15,26,0,22,19,27,28,13,0,7,4,5,10,30,3,14,1,18,11,24,0
6,23,9,2,27,0,0,0,0,20,14,13,25,0,1,4,5,11,8,7,0,0,12,15,10,0,19,24,30,16
26,30,5,0,13,0,14,12,3,22,23,0,1,17,19,4,8,20,24,9,10,25,18,0,7,29,15,0,28,0
22,21,15,9,8,0,20,1,5,2,19,16,0,23,25,13,26,30,29,27,0,14,24,3,7,4,28,0,12,6
23,26,13,25,16,8,4,0,21,7,0,5,18,0,11,17,27,28,3,10,0,29,12,20,9,24,30,1,19,2
3,4,17,15,20,0,30,19,0,22,18,16,11,23,6,0,7,1,2,27,5,8,21,12,0,28,0,9,25,29
8,0,0,9,24,28,12,4,0,20,6,18,25,11,10,5,26,30,22,0,2,17,21,14,23,16,7,27,15,0
17,24,27,16,6,30,10,19,7,15,2,23,5,18,0,11,0,25,0,29,3,28,13,21,22,1,14,8,9,4
5,12,14,0,8,22,23,7,0,0,0,29,2,19,10,21,4,3,15,28,0,16,27,18,0,17,24,1,0,20
0,1,26,14,18,16,6,30,29,0,10,24,23,0,28,15,4,8,0,5,7,17,0,25,21,22,11,13,19,3
14,17,30,5,28,13,8,20,6,24,2,26,3,0,18,15,29,11,22,23,16,0,0,19,27,4,7,10,12,0
22,12,20,21,6,2,17,19,26,16,29,10,3,0,0,1,0,28,14,0,15,7,0,13,30,27,4,0,0,18
13,0,9,20,24,0,6,12,26,16,28,0,14,0,30,21,29,8,17,7,1,15,0,4,3,2,5,25,11,23
14,8,30,18,19,20,0,16,3,2,21,17,22,27,23,0,0,15,11,5,7,1,28,29,26,10,6,24,12,4
16,22,24,17,13,25,5,1,2,15,7,4,27,28,19,11,0,20,12,0,10,14,3,6,18,0,21,8,23,26
21,29,6,8,16,25,0,13,2,17,7,20,30,27,14,18,0,12,15,28,10,5,0,19,4,23,3,26,24,22
26,0,25,9,7,2,4,13,12,1,20,30,0,21,27,29,8,5,3,24,0,14,17,0,0,0,19,22,23,15
20,28,12,15,7,0,27,10,5,24,8,18,11,0,26,4,0,2,0,19,25,3,9,30,0,21,13,17,22,16
8,11,28,27,9,23,0,10,13,0,0,1,0,26,20,12,21,19,0,3,5,0,2,16,24,30,29,25,18,22
21,18,8,16,1,28,5,26,0,0,22,11,6,2,3,14,19,9,30,17,23,4,0,10,0,25,15,27,24,29
8,21,7,29,12,0,23,6,0,5,0,17,1,20,0,10,0,22,27,11,18,25,13,16,15,2,4,3,28,26
0,0,29,21,22,28,12,15,0,27,0,26,2,25,20,9,0,5,0,17,14,4,0,30,16,11,0,24,8,0
15,0,18,22,8,14,9,27,19,1,24,6,0,23,7,3,16,12,20,11,2,13,21,0,10,25,17,30,28,4
11,26,10,5,2,12,27,4,13,0,17,20,0,24,29,28,14,0,0,9,19,25,22,23,3,0,15,1,21,0
0,23,21,15,0,14,0,19,22,0,25,29,10,16,30,1,0,20,2,0,5,12,24,11,18,4,13,26,27,0
13,0,18,21,12,14,16,0,7,23,26,11,0,9,0,22,3,0,1,15,0,28,30,4,6,17,10,20,5,2
10,6,22,15,4,8,0,26,13,23,19,29,0,2,20,28,14,0,27,3,16,11,24,12,17,21,1,30,9,7
0,9,12,0,0,21,27,25,0,5,29,20,30,22,6,2,19,1,14,11,0,26,3,7,0,0,16,4,8,0
0,0,4,14,0,18,25,0,5,23,29,17,8,19,3,24,6,26,27,7,10,0,15,1,22,30,9,21,16,28
5,22,15,19,0,12,23,0,7,24,27,17,28,0,18,0,2,29,16,25,0,13,21,4,8,1,0,30,14,9
20,11,4,30,10,0,1,0,29,0,27,28,9,12,26,14,25,7,17,19,0,21,16,0,23,13,6,0,3,18
6,0,5,14,7,19,0,21,8,26,4,24,18,0,27,25,0,20,16,28,22,30,2,0,0,17,23,29,3,15
0,7,24,16,19,15,26,25,30,20,17,6,27,18,0,28,0,10,3,9,5,12,22,2,14,0,8,11,1,29
12,8,0,0,22,16,0,26,5,18,6,0,3,11,27,21,1,30,23,14,2,0,10,4,20,7,28,24,19,15
0,28,0,16,24,12,0,0,27,26,17,5,25,4,21,23,29,1,2,9,0,14,10,11,30,7,19,15,20,18
0,5,16,24,10,0,15,20,22,8,9,4,29,1,11,17,23,28,3,0,12,26,0,19,21,14,30,27,7,6
17,19,0,21,28,10,29,6,0,20,1,0,25,23,16,13,30,2,8,4,0,0,11,14,7,3,15,9,24,26
14,3,22,8,24,0,9,17,0,1,28,25,26,15,27,6,5,23,20,7,11,29,4,21,2,0,12,0,16,19
14,19,1,2,25,5,27,0,12,21,8,0,0,20,26,0,4,16,13,6,0,9,22,28,24,29,17,0,30,7
17,3,21,18,16,9,29,0,22,4,0,10,7,1,5,24,13,0,2,14,15,20,11,26,27,0,8,25,30,0
3,0,5,8,0,23,26,24,20,0,16,7,19,18,22,25,21,27,4,12,9,2,1,17,29,30,15,0,0,6
7,16,0,28,26,1,24,12,6,29,0,11,4,0,0,19,13,3,0,18,20,8,25,0,15,2,22,23,14,10
0,0,29,25,18,10,14,20,30,0,7,23,22,17,3,26,15,28,24,21,5,27,4,8,11,1,0,0,0,0
29,4,13,18,0,7,9,21,26,20,3,2,16,27,19,17,0,23,1,0,14,24,15,8,28,11,30,10,0,12
16,0,0,12,0,29,13,3,5,25,10,23,9,1,0,30,0,22,14,11,24,20,15,0,0,17,19,27,7,8
0,20,0,25,18,23,24,9,10,0,12,3,4,1,5,19,0,2,26,8,0,0,16,30,14,13,0,22,21,11
4,18,25,7,8,0,0,14,2,0,26,17,28,20,23,29,13,12,21,0,0,11,0,19,1,5,15,6,0,3
8,1,14,9,0,20,17,19,21,16,7,13,0,27,29,5,3,4,10,2,0,0,30,11,6,24,22,0,25,15
17,1,23,9,20,29,25,13,7,0,27,24,19,0,28,30,12,26,15,0,10,18,0,21,0,3,4,5,16,8
16,28,25,18,27,26,3,0,8,11,0,14,24,17,7,6,13,9,1,19,2,21,10,30,12,0,4,5,23,20
21,5,0,3,0,0,30,15,0,18,17,16,0,26,20,0,22,23,6,13,28,25,7,12,14,2,11,19,24,8
7,16,27,0,26,12,4,3,14,17,5,0,11,2,19,29,21,15,22,0,0,1,0,18,10,8,24,9,20,25
0,30,1,20,6,0,0,2,27,28,4,5,14,29,0,8,12,25,15,13,0,0,11,22,7,23,16,26,24,3
0,22,4,2,25,0,0,0,17,14,20,18,3,0,27,12,5,29,24,30,15,1,0,0,11,0,6,19,9,13
2,8,17,22,18,29,30,14,28,0,10,24,0,21,7,13,6,20,25,1,0,26,0,23,5,12,11,0,16,9
19,17,30,2,24,0,13,18,0,3,8,7,29,1,16,28,21,0,27,12,0,23,15,0,6,10,20,25,0,14
29,23,18,22,16,0,25,21,27,7,12,6,0,2,0,19,28,0,4,17,3,10,24,0,26,11,13,1,9,15
0,0,0,22,0,0,0,2,12,9,18,30,28,10,4,23,19,8,24,14,27,20,0,11,21,15,1,16,5,17
0,4,16,8,2,11,19,13,14,0,7,27,25,22,0,9,12,21,0,28,5,17,1,6,3,24,30,23,15,0
21,0,19,0,24,25,0,15,17,12,30,5,23,26,4,27,10,2,11,29,0,8,14,3,13,0,9,22,7,0
0,9,21,13,0,26,1,5,12,30,3,6,14,0,20,0,18,10,27,17,24,0,15,28,22,4,0,0,8,0
26,17,30,0,0,22,5,19,4,21,8,2,9,18,3,24,0,7,25,11,28,15,14,29,1,0,16,20,10,13
26,17,16,9,12,28,21,6,1,19,0,3,15,0,0,18,5,27,20,0,11,23,7,30,29,24,14,4,22,13
0,0,0,13,12,17,23,25,24,28,26,7,6,30,9,2,22,0,4,19,29,0,0,8,0,5,10,1,18,20
0,6,7,25,2,3,27,15,10,0,22,29,11,24,23,28,4,20,1,16,14,12,0,18,9,0,0,26,8,5
22,23,5,2,27,0,25,29,7,30,0,26,11,1,10,15,18,0,21,16,13,6,3,14,0,28,17,24,0,4
15,17,26,27,0,24,8,11,3,0,16,21,0,30,0,20,13,1,23,14,19,0,9,4,7,18,12,0,2,6
13,26,24,22,10,23,0,30,5,29,16,1,28,21,0,0,2,4,6,3,15,17,9,0,0,0,19,8,0,14
0,27,16,11,0,18,4,0,1,0,15,0,9,5,22,6,7,0,0,25,2,10,21,0,13,28,8,14,26,19
0,28,21,14,13,25,1,4,11,26,7,6,2,27,3,8,10,15,5,29,20,24,9,0,17,23,0,12,0,0
23,22,27,17,8,3,6,14,25,9,0,10,16,13,1,15,19,2,0,0,4,12,24,0,7,28,20,11,26,18
26,8,21,1,14,29,15,18,25,4,6,20,9,16,3,23,12,0,7,28,11,30,27,10,17,0,0,19,0,13
0,19,12,30,6,22,0,20,7,11,1,5,10,16,18,26,9,0,8,28,25,23,13,27,17,24,4,15,0,3
27,6,15,16,0,29,18,22,0,13,0,21,20,9,5,25,10,11,1,30,0,2,14,19,12,4,28,3,7,0
17,30,24,3,8,20,5,25,18,13,10,0,19,0,7,27,15,2,28,22,12,0,29,26,21,9,4,0,0,0
30,11,29,23,0,0,12,14,20,25,19,13,26,0,2,3,0,10,0,27,7,0,5,17,8,16,22,1,24,0
25,17,29,15,0,18,0,10,13,30,26,0,12,5,6,27,22,7,24,0,2,3,0,21,0,16,0,4,1,0
0,0,19,1,2,11,16,28,4,21,23,5,24,8,25,27,20,29,22,26,9,17,3,14,13,12,6,30,7,0
7,29,0,23,3,22,13,0,4,21,0,19,10,8,24,5,11,6,0,0,18,20,0,16,0,28,12,17,30,14
12,6,4,5,22,24,23,0,10,2,19,27,20,28,7,8,3,11,0,30,26,1,21,18,14,16,15,17,9,25
24,25,0,2,14,15,0,16,19,17,3,1,20,18,0,9,12,4,13,0,8,10,30,28,21,0,23,11,5,7
23,6,0,27,22,29,3,0,2,13,16,9,25,21,20,15,0,30,28,4,0,17,19,26,7,5,10,11,0,1
27,3,8,24,22,11,0,0,23,0,19,7,20,28,0,21,5,0,14,29,1,16,25,0,17,12,6,18,0,0
3,17,16,20,8,29,0,18,28,0,2,5,27,12,13,10,21,0,4,0,1,15,22,7,24,0,6,19,26,9
26,21,23,3,27,0,19,22,30,11,2,28,18,1,0,8,12,0,0,15,29,25,17,0,24,0,9,5,0,14
6,0,22,17,23,5,0,0,19,21,1,25,26,29,27,12,16,2,3,24,11,13,14,9,0,7,20,10,4,0
20,7,0,0,14,29,28,17,27,9,19,4,30,15,13,6,2,26,8,18,5,16,1,12,21,24,23,0,25,3
25,15,0,24,14,4,0,0,19,0,1,18,29,2,27,0,0,9,13,0,6,16,22,8,30,28,20,5,23,0
24,20,0,0,7,19,16,17,6,9,8,30,28,4,10,14,3,2,26,0,29,1,22,0,13,27,0,12,11,21
2,0,22,16,0,13,0,20,11,0,5,7,4,23,26,1,29,9,27,0,17,28,25,15,3,10,12,6,14,19
6,20,29,0,28,0,24,22,3,16,1,9,12,0,19,15,10,14,18,5,11,25,27,21,30,8,0,7,17,23
0,26,29,6,16,24,21,9,14,20,25,23,0,13,22,7,1,0,10,17,0,28,3,2,4,15,0,8,11,19
0,30,22,6,16,1,2,5,12,20,10,27,28,23,0,0,18,3,4,24,7,21,13,0,19,8,25,29,15,9
7,12,30,28,14,0,9,13,8,5,0,27,19,1,6,2,15,22,18,25,17,20,0,10,21,4,11,16,26,23
5,18,1,8,7,12,22,26,6,21,16,4,17,15,11,23,14,20,0,0,24,0,28,3,30,19,9,2,27,13
0,4,24,9,19,0,0,2,18,1,21,25,27,5,20,12,0,7,3,0,30,14,10,17,15,16,6,8,23,29
15,11,0,24,7,0,17,28,2,25,1,14,21,13,27,30,20,10,0,22,0,8,0,23,0,29,0,12,5,3
0,0,8,28,0,30,25,7,26,2,15,5,27,6,19,29,21,17,18,0,13,14,16,22,20,1,0,11,10,4
0,0,28,7,21,13,0,26,29,6,0,23,5,8,16,24,25,0,30,15,0,9,0,22,14,10,18,0,27,11
0,9,12,22,29,0,0,0,10,17,19,4,14,5,0,21,27,13,28,23,20,6,26,16,30,2,25,15,7,3
17,25,0,15,7,18,14,3,2,0,30,6,11,0,29,21,20,0,26,27,8,28,5,12,16,23,10,13,24,9
0,25,0,26,23,21,5,2,0,14,0,0,20,22,11,10,30,29,3,6,17,24,9,0,28,7,8,13,27,16
23,11,0,30,10,0,28,18,0,12,19,0,24,1,9,25,2,17,7,4,16,27,8,15,20,22,0,0,0,29
0,19,9,15,29,13,10,17,8,0,27,23,16,24,26,11,18,5,6,2,0,25,4,0,28,21,30,0,12,0
5,29,0,16,21,9,0,28,2,24,13,23,0,15,4,0,26,1,27,0,8,6,14,7,20,12,3,0,18,10
26,0,11,17,13,0,20,21,19,0,7,3,0,0,0,27,0,6,16,5,15,0,0,0,24,28,23,14,30,2
9,24,25,29,2,21,8,0,16,12,10,17,23,6,0,27,22,4,20,0,15,19,7,0,5,30,3,13,0,18
17,18,29,0,1,27,25,13,21,6,12,19,5,0,3,0,28,11,7,2,24,15,16,0,14,8,9,0,10,23
18,0,24,21,19,17,0,11,7,0,0,0,8,12,4,20,28,26,9,23,14,25,15,30,10,0,2,16,5,6
15,17,0,13,26,12,1,30,18,20,4,16,0,7,27,21,29,0,0,6,8,9,28,3,10,0,24,11,25,19
5,13,6,7,18,25,10,21,14,2,0,16,15,0,30,0,19,12,3,22,29,27,26,9,24,0,28,0,20,23
24,28,21,14,18,1,0,15,12,13,17,4,6,8,0,0,0,20,22,23,29,30,7,3,0,5,2,26,25,9
20,5,10,17,14,7,21,0,11,0,1,8,28,13,0,0,2,0,24,18,0,27,0,29,0,0,26,23,12,19
22,28,30,7,6,9,2,0,20,4,17,27,25,26,18,23,19,10,8,0,0,21,3,14,5,12,11,0,16,1
28,1,30,13,19,0,18,15,14,0,5,29,0,11,6,3,23,22,2,0,17,16,24,7,26,9,21,27,8,12
15,14,25,27,19,0,0,3,22,12,20,30,29,1,18,21,28,26,4,5,6,2,10,11,9,0,13,23,16,0
12,4,6,9,0,27,18,0,0,5,15,8,22,13,19,26,24,2,29,1,17,21,14,25,20,30,7,16,0,3
6,3,11,28,22,0,9,0,26,0,29,0,8,0,0,25,7,2,12,19,4,17,30,14,21,16,0,23,13,24
2,23,6,1,30,17,12,15,7,26,27,5,9,24,0,4,20,28,13,18,3,29,25,22,11,0,10,14,0,21
4,6,1,13,24,16,8,10,25,20,30,29,21,0,18,15,28,5,11,19,22,17,2,12,7,0,0,27,3,23
4,16,22,7,11,0,27,20,19,23,26,28,0,1,2,5,21,0,3,12,0,25,9,29,0,8,13,0,6,0
25,23,2,21,1,11,18,6,0,0,0,22,8,28,10,17,4,0,0,19,3,29,14,12,27,24,9,20,30,15
11,18,26,16,4,0,23,2,25,0,8,1,0,28,0,21,30,9,13,17,6,10,0,20,7,14,15,12,24,22
4,0,7,9,27,1,10,12,24,15,26,3,23,0,0,22,0,19,0,16,0,13,0,28,14,20,6,25,11,18
22,7,4,0,12,26,23,11,28,0,2,16,0,0,10,0,15,1,29,17,0,3,30,19,20,13,9,5,21,24
22,17,13,0,4,18,30,29,16,15,7,28,9,6,0,19,14,0,12,25,8,5,20,1,2,11,24,0,26,10
10,12,22,3,4,21,0,15,0,29,14,30,8,25,0,5,9,1,20,23,2,6,0,0,0,7,26,19,28,27
13,17,6,5,22,24,23,7,0,29,0,8,15,19,2,12,0,16,10,3,0,0,1,0,9,4,26,20,28,0
9,0,1,0,3,12,0,0,20,27,21,22,0,25,30,0,7,2,24,6,29,13,5,15,23,14,8,17,16,28
19,30,22,1,10,12,0,25,0,0,14,5,29,28,3,11,7,0,27,24,15,20,18,23,2,16,17,4,26,0
25,24,5,12,26,2,0,11,19,0,1,6,9,30,16,29,8,14,28,0,17,3,10,7,4,27,20,15,22,13
9,23,0,6,26,0,5,7,17,16,0,28,22,0,0,0,8,11,1,21,3,27,15,0,0,18,20,2,24,19
9,12,15,19,11,0,28,22,0,4,17,21,18,24,26,0,13,3,0,23,0,0,1,5,6,30,20,27,10,7
29,4,14,9,22,0,6,16,24,28,17,26,25,30,18,5,10,0,3,0,1,15,27,12,19,0,11,20,8,7
3,19,7,11,26,9,0,0,2,16,23,18,27,20,12,8,5,0,0,6,10,25,15,4,14,28,29,30,1,24
7,24,4,25,10,27,13,0,18,17,2,28,0,0,12,11,6,0,29,15,16,21,0,5,9,3,0,14,0,1
21,22,14,18,0,0,4,20,12,23,0,2,0,26,8,0,10,13,7,16,17,19,11,25,0,0,28,30,9,5
27,18,12,1,23,3,0,29,5,20,25,9,15,30,0,0,10,0,22,4,8,2,0,14,13,0,21,17,0,6
22,23,0,28,0,15,24,10,6,29,12,2,11,25,16,19,9,5,0,18,3,20,27,17,4,30,1,7,0,13
8,10,4,27,19,0,13,24,16,0,17,25,0,30,26,15,7,9,3,11,2,12,0,20,18,6,23,5,22,0
16,12,0,30,0,24,0,7,17,18,23,27,1,26,10,6,0,0,22,14,5,4,21,0,0,0,3,11,28,0
0,6,12,22,7,24,3,11,18,25,4,9,15,0,16,10,5,30,14,8,0,0,20,1,28,13,29,2,17,26
0,15,29,18,11,22,27,28,24,23,19,8,30,12,25,0,13,3,0,26,14,17,0,6,7,16,0,10,5,21
22,29,16,1,11,8,5,3,19,2,0,14,30,0,0,12,9,10,18,6,4,23,25,28,7,0,24,15,13,20
0,22,27,30,15,20,28,0,0,26,19,21,0,2,1,23,10,25,4,0,8,18,6,9,16,11,24,29,0,7
7,0,0,0,0,4,25,14,20,0,24,30,19,22,5,0,28,17,3,10,16,23,2,9,29,1,13,27,6,18
22,4,16,9,30,3,13,15,0,29,0,24,5,2,28,7,1,10,27,17,0,11,21,8,23,19,0,26,20,0
6,26,20,0,13,23,0,30,12,16,7,3,14,18,22,1,9,2,10,21,4,19,25,28,0,11,29,8,5,27
0,20,15,1,4,5,27,0,8,16,7,2,26,0,12,14,6,11,17,24,19,0,10,18,13,23,0,29,3,22
14,24,1,29,30,20,21,7,10,18,15,2,0,9,6,26,25,0,0,16,27,5,17,19,28,0,4,0,22,11
23,17,0,14,20,4,22,25,27,26,13,9,10,12,5,11,28,0,15,0,29,0,16,21,7,6,30,8,18,0
0,22,29,7,1,25,0,11,0,0,18,16,2,21,27,20,23,0,6,13,17,26,8,3,0,14,9,4,0,0
12,22,0,29,19,0,17,9,0,15,6,4,3,18,11,26,24,8,0,1,0,7,0,13,0,27,25,23,10,28
27,9,12,16,15,3,20,29,1,0,6,22,23,0,21,18,0,11,0,17,19,0,2,0,30,10,7,24,5,0
0,0,2,20,0,18,23,22,28,19,0,21,16,27,9,11,15,24,25,10,5,17,29,30,14,13,7,26,0,1
0,22,6,26,0,25,10,12,23,18,21,17,7,24,27,20,19,0,0,11,0,9,16,2,0,29,30,0,0,4
15,18,24,5,25,12,30,2,0,19,13,7,14,4,11,0,22,1,0,26,16,27,8,23,21,10,9,29,6,0
26,3,7,0,16,10,0,14,25,1,0,9,5,0,24,12,0,4,2,27,29,23,18,21,11,0,8,30,20,15
30,0,16,12,20,14,0,29,10,23,5,21,26,9,22,0,3,4,0,25,13,0,24,28,19,2,18,8,27,15
19,27,2,18,0,21,23,13,10,12,26,25,1,29,11,0,8,0,4,16,3,0,30,7,0,6,17,14,15,5
17,0,25,0,0,12,23,11,7,8,5,15,30,26,27,1,28,22,29,13,2,14,0,20,4,19,18,21,3,0
0,24,12,15,14,28,26,9,21,0,4,20,16,25,18,7,19,6,11,8,10,13,1,29,2,5,22,0,3,27
4,22,14,2,0,26,12,17,29,18,23,24,6,28,0,19,30,27,13,8,11,20,7,1,0,3,5,15,0,25
16,0,4,7,13,20,17,3,24,28,25,8,2,27,11,19,5,0,12,29,0,10,1,18,22,6,15,9,23,21
17,24,27,0,4,10,18,11,15,30,9,0,28,20,26,22,16,19,5,0,13,0,29,12,0,7,25,2,21,8
19,11,8,20,25,1,5,28,2,22,0,30,21,9,16,18,24,29,3,0,4,7,0,26,13,6,12,23,17,10
2,29,8,7,17,13,20,19,0,26,30,4,25,0,5,22,23,9,16,24,0,21,12,10,0,14,1,6,0,3
26,30,20,11,0,1,24,17,14,9,2,0,19,29,22,15,0,0,4,16,13,8,5,27,23,21,10,0,25,3
22,25,0,0,15,0,1,9,10,2,0,0,14,29,13,28,4,21,5,0,3,30,7,6,11,16,18,27,24,0
29,8,18,1,20,19,13,17,0,26,0,14,21,0,11,0,0,7,25,0,6,0,24,27,2,0,22,10,0,15
16,0,20,22,8,3,11,2,0,0,21,1,7,13,4,28,0,25,15,17,5,9,6,10,0,30,0,0,18,0
25,11,24,0,7,10,14,6,5,19,0,9,28,4,3,22,0,0,26,2,15,17,20,1,8,30,18,23,27,0
17,9,13,16,0,18,5,0,0,26,0,23,30,15,24,0,11,2,7,27,6,8,25,10,21,19,14,0,20,22
0,20,9,0,2,23,17,21,10,16,28,27,0,12,8,7,0,26,18,25,29,30,5,6,19,14,15,22,1,13
0,1,26,22,28,24,0,0,15,16,17,29,20,5,6,8,30,14,0,18,7,21,0,4,23,12,0,27,2,9
0,14,0,12,18,2,11,23,24,15,1,10,0,29,9,22,27,0,0,0,19,8,3,25,0,0,20,21,13,4
0,28,20,10,12,9,17,5,8,6,24,21,4,30,3,18,0,22,27,2,26,0,13,1,19,25,0,0,15,11
8,20,11,0,3,7,17,27,4,9,0,14,0,10,26,0,18,2,0,5,29,6,16,13,12,19,23,0,28,0
8,3,21,14,4,0,30,13,0,20,17,9,5,22,24,19,27,12,10,25,23,15,1,11,2,29,0,18,16,0
0,7,12,0,0,24,3,14,10,0,0,4,25,27,16,22,18,28,0,30,29,2,17,20,26,23,9,8,1,15
3,17,16,5,0,28,22,0,19,8,29,21,23,2,26,0,15,4,14,30,13,25,11,0,0,27,12,24,7,9
25,0,0,29,24,8,0,28,23,19,1,3,0,0,7,18,0,5,9,30,22,12,2,20,0,10,6,0,13,14
17,24,0,2,0,22,23,18,0,13,20,11,26,10,27,28,4,30,9,21,19,3,0,5,8,6,29,12,14,16
16,26,2,22,0,13,4,0,6,17,14,7,12,20,25,5,23,27,9,8,1,0,0,18,3,28,19,10,15,24
3,29,0,2,17,0,4,24,0,7,26,8,9,16,30,20,18,6,1,0,11,5,19,0,15,0,21,27,13,14
6,26,13,11,27,18,24,2,0,30,1,29,9,16,19,0,12,20,3,8,22,0,25,4,15,17,28,0,23,14
21,0,26,5,0,25,17,3,24,19,12,7,23,6,1,22,4,8,14,13,27,0,28,29,15,0,2,30,20,18
0,27,1,2,9,20,21,24,17,0,29,28,14,11,5,30,7,10,26,0,8,19,6,3,0,0,0,22,0,4
5,18,0,9,0,0,28,26,1,6,24,27,0,4,20,23,3,15,8,14,16,2,13,10,0,25,17,11,21,19
29,0,0,27,3,0,0,30,5,28,0,8,9,12,17,11,4,0,18,0,15,0,25,14,0,24,20,2,22,13
29,20,11,28,12,10,27,24,15,0,13,8,0,23,0,7,25,21,16,22,14,17,0,0,19,30,4,26,9,1
0,30,0,3,23,0,13,21,0,15,14,18,1,17,28,2,24,0,6,19,0,9,11,0,5,16,4,8,25,20
21,13,2,26,14,0,4,5,10,27,9,6,17,16,22,0,28,0,15,30,0,3,19,18,1,29,0,12,23,25
30,9,5,11,25,16,26,27,20,28,0,15,7,22,0,24,23,8,18,6,0,17,13,12,10,3,0,29,19,21
29,18,0,24,25,30,21,20,5,0,0,19,23,26,13,28,12,8,9,22,2,16,0,0,6,4,11,3,15,27
0,9,21,17,29,12,6,11,0,3,0,13,15,22,27,0,0,5,28,0,26,24,19,1,7,23,2,16,8,0
2,9,0,10,0,25,16,3,26,24,23,17,28,0,7,0,22,1,18,0,11,29,0,30,8,6,21,0,27,0
18,30,11,0,22,21,28,15,26,8,14,25,20,2,1,24,6,7,10,23,0,0,17,0,0,29,19,0,3,12
13,15,0,29,26,20,25,0,16,1,24,30,6,0,4,17,10,22,9,28,23,0,8,18,0,0,2,7,3,14
7,0,28,26,11,20,3,0,29,19,1,0,0,15,21,6,12,14,4,5,8,2,0,10,23,13,9,27,17,16
0,27,11,0,0,30,16,0,19,13,10,22,15,7,17,0,24,26,23,9,6,3,5,0,0,0,28,12,18,4
11,0,23,0,0,27,24,12,7,19,25,5,26,13,30,21,3,1,0,17,0,20,0,4,0,0,8,16,9,29
18,0,9,6,15,0,13,11,25,0,24,5,30,17,7,10,19,0,8,1,14,0,20,4,16,22,23,12,0,29
30,0,18,0,19,11,24,4,21,0,8,14,0,6,2,0,22,1,9,3,27,0,28,5,29,0,0,12,15,13
19,0,24,0,16,2,0,12,20,27,6,0,11,7,29,13,4,28,9,21,5,26,17,30,14,15,3,8,18,0
5,14,16,25,6,12,17,11,24,26,1,7,30,15,27,0,4,29,13,23,0,10,9,22,0,8,19,0,28,18
10,0,13,28,0,0,18,17,6,22,1,8,21,5,16,27,2,0,3,9,25,7,0,20,26,29,12,0,11,0
25,30,7,2,14,10,11,12,0,17,27,24,1,6,18,20,23,0,3,21,13,16,15,22,0,19,29,5,8,0
12,13,30,29,0,1,21,14,27,23,2,8,5,16,18,17,22,4,0,7,19,24,11,28,20,0,0,26,0,15
0,12,30,0,25,2,15,28,23,0,16,22,0,0,6,0,27,17,9,5,1,4,18,19,10,29,8,7,3,14
28,1,12,7,26,8,18,0,14,16,24,20,0,3,29,25,19,10,23,27,22,11,15,9,0,13,6,4,21,0
23,8,30,11,20,16,19,0,0,0,0,27,28,13,22,7,3,24,2,1,25,12,0,15,18,4,29,10,5,9
21,25,19,2,14,1,6,0,0,20,12,30,15,28,16,23,8,13,0,22,3,18,29,10,24,9,26,4,11,27
23,0,13,14,2,27,5,26,12,19,10,0,16,22,4,29,9,0,8,0,20,0,0,1,17,30,0,24,21,25
0,29,24,14,28,11,15,19,20,6,0,17,0,0,9,12,8,1,18,26,16,7,2,10,4,0,23,21,22,5
5,25,0,7,0,29,13,16,17,11,20,23,3,0,0,18,1,30,10,28,15,27,19,6,0,0,0,2,26,0
8,12,1,7,11,30,18,15,0,26,19,0,9,21,13,23,0,25,17,0,2,0,27,0,20,0,5,14,22,0
0,22,0,0,0,7,29,15,14,28,9,16,26,3,0,18,20,5,10,12,19,8,6,21,1,23,0,0,4,0
12,10,18,21,27,3,25,22,1,26,4,7,30,15,2,19,20,29,17,0,13,9,0,16,11,6,0,24,8,28
18,11,30,5,0,1,21,16,0,29,12,3,27,25,8,22,24,15,9,0,0,0,2,28,23,6,17,19,20,10
17,6,24,28,16,19,23,26,18,5,20,27,12,15,0,14,0,1,4,30,9,21,22,0,3,7,10,0,0,29
2,16,0,18,6,7,25,9,17,23,26,5,15,30,19,21,4,28,0,0,24,14,20,0,27,0,29,0,11,1
22,15,26,2,0,8,9,16,20,3,14,7,28,18,27,5,24,30,29,19,6,0,1,0,17,0,0,4,0,23
20,3,7,23,8,30,0,24,21,0,22,19,26,29,16,6,18,28,2,0,15,9,0,11,1,25,10,14,0,0
20,25,0,7,15,9,19,5,17,29,14,23,4,0,1,24,28,0,22,11,0,27,10,26,0,12,8,3,13,16
19,7,0,0,21,29,20,0,30,6,8,10,11,28,0,14,1,25,2,9,13,12,0,3,16,15,0,23,27,5
20,17,7,19,1,0,8,0,25,6,0,0,28,0,21,11,15,29,2,30,10,18,12,14,4,0,0,22,16,13
14,7,2,0,19,0,18,27,0,20,3,29,15,25,16,30,8,0,10,9,0,11,1,22,4,23,5,0,17,12
0,16,12,2,18,30,0,3,17,25,0,10,27,5,20,9,7,23,29,4,15,26,19,28,22,21,14,0,6,0
28,12,5,7,0,29,17,4,26,0,25,18,15,2,23,14,19,22,3,0,6,30,0,27,0,16,8,0,20,11
4,25,12,2,3,19,30,13,14,20,0,9,24,17,0,6,11,8,28,27,0,1,15,22,16,0,29,10,5,26
4,0,26,14,0,29,19,20,10,0,2,24,23,0,0,9,0,11,12,30,16,0,3,17,28,21,8,15,7,0
19,30,12,5,0,21,0,20,0,29,16,25,9,15,0,26,1,13,24,2,22,14,4,0,18,7,23,3,28,0
17,13,28,0,22,0,27,4,0,24,7,25,5,8,9,18,14,6,10,15,29,12,21,30,20,2,19,0,11,16
7,17,18,28,14,0,0,19,0,0,15,8,12,16,20,26,0,0,29,0,13,21,30,5,0,25,22,24,3,9
8,28,5,0,7,25,0,14,0,0,1,0,27,15,3,21,6,9,4,13,11,23,18,17,16,30,24,0,10,29
25,23,4,20,15,7,29,24,0,16,3,10,6,19,8,22,26,0,30,13,11,9,18,1,0,14,0,2,28,21
9,18,1,22,0,3,5,7,26,0,30,17,24,4,2,12,10,16,8,14,27,19,0,29,6,11,23,25,15,20
0,24,0,18,6,26,3,28,0,9,27,22,21,10,17,7,13,0,20,16,5,14,0,11,0,1,29,12,0,2
2,15,14,0,24,5,20,29,30,13,0,21,23,22,0,11,0,8,28,27,0,6,17,1,4,3,10,0,19,16
19,8,0,20,29,15,0,5,23,22,2,0,28,0,14,11,6,17,25,7,16,18,24,27,26,4,13,30,9,10
24,23,14,0,21,29,0,0,20,12,18,7,5,9,28,3,8,25,15,19,2,11,30,0,4,13,6,26,22,17
0,12,23,27,16,2,24,3,22,15,17,0,25,11,14,1,9,8,30,10,18,21,7,28,0,29,13,5,20,26
17,18,11,8,19,27,0,12,23,26,15,3,28,6,13,0,29,25,21,14,16,2,5,10,20,7,30,1,22,0
28,0,1,0,24,0,10,16,7,29,20,21,23,5,17,0,13,8,18,12,0,30,6,3,27,2,0,0,4,19
15,8,21,0,19,0,30,10,26,18,16,22,0,0,23,6,0,11,0,27,29,0,20,0,14,12,24,0,2,0
2,0,23,0,4,19,17,14,1,9,16,24,0,27,0,12,0,6,22,3,11,8,26,15,7,29,13,21,30,28
14,28,10,1,16,15,0,21,30,20,7,5,0,19,3,22,4,27,2,13,18,23,6,0,29,24,17,11,0,26
6,26,12,3,2,11,0,0,15,13,16,27,24,18,0,21,30,10,0,19,25,1,4,29,9,28,17,0,7,0
6,20,0,10,0,28,16,14,15,30,19,29,5,26,18,8,0,13,0,23,0,1,4,12,9,24,7,3,25,27
0,9,25,23,0,20,22,12,16,19,6,11,26,29,0,0,0,15,5,0,1,24,8,0,13,10,4,18,7,17
0,22,29,1,0,0,21,28,26,7,12,5,14,10,3,0,0,13,0,18,16,23,11,2,8,4,0,20,19,6
0,12,27,28,0,18,19,6,0,21,9,20,17,3,0,30,29,24,25,0,1,0,4,7,11,5,2,8,16,22
0,27,14,13,0,9,0,2,21,29,30,0,8,12,4,0,15,1,16,17,19,23,28,7,18,3,6,26,5,22
27,8,14,23,7,2,17,29,20,30,21,13,0,25,22,4,11,16,18,24,3,28,0,26,0,0,6,9,19,15
23,13,19,0,0,26,15,29,2,4,21,5,3,6,14,7,30,16,24,17,0,10,27,8,28,1,25,20,18,12
18,30,4,0,25,27,6,0,7,28,9,5,8,19,26,0,11,22,24,1,12,16,13,3,20,29,23,0,0,14
12,21,5,8,13,15,26,19,0,14,16,29,9,18,0,0,2,0,0,11,10,23,20,1,0,25,0,6,3,0
22,0,18,28,2,13,10,21,15,0,12,5,11,30,0,29,0,23,0,24,14,25,19,9,3,4,1,27,6,16
21,9,5,8,13,16,3,0,14,0,12,30,26,0,4,19,1,27,0,28,11,17,29,25,15,0,2,23,24,7
23,12,10,0,9,25,27,28,0,24,15,26,0,0,3,14,6,13,30,16,4,29,5,0,21,20,22,1,19,0
9,28,5,26,0,8,23,11,25,2,27,20,16,3,12,0,18,21,10,13,0,0,6,4,29,1,24,7,0,17
5,0,0,13,24,28,12,26,27,19,0,4,21,18,8,6,25,11,23,29,14,16,0,7,22,10,30,2,0,15
23,11,30,8,16,28,20,6,18,29,22,21,1,13,4,12,19,14,10,25,17,9,3,0,0,24,26,7,15,27
18,0,7,20,26,13,1,30,4,6,17,8,28,11,27,10,5,23,9,15,25,0,16,2,3,21,0,12,24,19
13,7,0,9,23,19,0,18,3,27,14,4,15,30,25,2,20,26,10,1,11,29,0,22,8,28,12,6,21,16
11,0,24,21,30,18,19,0,5,23,0,22,0,0,25,0,0,3,8,14,0,16,15,4,29,1,6,13,0,17
8,23,11,26,10,7,22,9,0,0,0,28,18,2,5,20,6,1,12,0,30,29,16,4,24,0,19,0,15,25
17,9,0,13,0,0,18,29,6,1,30,4,3,21,22,25,0,14,5,11,19,26,15,23,27,2,20,8,24,0
30,16,2,15,9,8,21,19,0,0,23,22,26,0,17,14,12,3,18,7,29,25,0,11,27,10,28,1,24,20
12,8,6,10,17,18,23,9,24,0,0,19,27,0,28,21,26,25,0,15,14,13,22,4,20,0,3,11,16,0
3,25,11,0,27,12,8,13,17,20,7,30,0,0,18,19,4,24,10,1,0,23,9,2,0,5,22,21,0,15
4,11,28,0,9,29,2,0,19,30,0,0,0,0,5,3,22,24,6,15,27,7,14,17,10,16,18,13,8,23
4,10,6,0,24,25,3,18,21,13,1,0,27,5,0,0,0,23,29,12,0,26,2,22,16,30,7,8,14,11
6,9,19,16,1,30,25,10,4,20,29,2,8,0,7,5,11,15,17,3,23,0,27,13,28,0,14,21,22,26
0,30,20,23,1,18,28,7,0,0,27,19,5,26,0,12,16,11,15,29,13,14,17,0,4,25,0,22,2,0
30,16,25,14,21,20,28,0,5,8,24,27,18,2,7,19,22,12,29,23,3,0,0,1,15,0,26,11,6,0
11,28,27,17,15,16,2,0,6,1,0,30,18,12,25,26,9,10,23,3,19,0,4,5,7,8,14,21,20,22
10,20,6,0,13,12,14,9,5,22,1,15,7,25,17,0,26,0,0,27,30,24,0,28,19,11,23,18,21,16
0,0,8,0,12,22,24,5,6,14,27,0,0,18,30,19,29,21,13,0,9,2,11,17,7,15,3,16,20,4
26,0,28,16,0,7,12,11,1,0,10,0,19,27,18,22,0,3,23,25,9,6,8,14,0,29,0,21,0,13
21,1,14,15,0,27,0,5,0,18,29,26,23,6,25,0,4,19,0,11,28,20,2,16,30,8,9,7,10,0
22,9,28,0,0,15,24,20,29,8,6,0,14,16,18,30,12,1,2,23,4,27,5,10,26,19,0,17,0,3
2,4,25,9,19,0,0,1,0,0,8,11,17,3,28,20,15,13,18,6,27,21,24,30,26,10,7,0,0,5
0,16,5,27,30,21,23,6,3,2,0,19,26,7,8,0,11,12,4,28,20,25,24,17,18,0,10,9,0,14
16,0,0,0,28,4,30,22,29,0,23,2,26,13,11,0,27,14,20,10,18,9,0,1,5,19,3,21,7,25
23,18,12,11,3,9,4,5,20,28,0,0,24,26,1,27,2,30,15,14,0,6,7,16,22,29,10,25,17,19
19,0,9,25,14,0,8,15,11,23,22,10,0,3,16,12,6,0,4,0,17,21,28,18,30,5,7,29,24,20
29,4,0,22,2,13,27,19,0,5,10,18,21,8,16,0,6,26,9,17,11,0,1,14,0,20,25,7,24,3
0,3,11,6,27,9,0,15,28,23,10,17,12,22,20,2,14,16,13,30,18,7,19,0,0,5,0,8,24,26
6,8,21,2,16,15,19,17,11,28,26,10,20,3,14,0,30,9,4,0,0,23,13,5,18,0,25,1,27,0
19,21,0,24,11,2,22,0,15,12,4,30,0,10,1,0,5,27,25,16,28,14,17,18,8,23,20,3,0,13
2,13,0,29,21,0,20,28,5,22,26,17,12,0,18,0,25,8,0,4,11,16,1,30,3,10,0,27,0,23
5,4,14,0,11,1,13,12,22,9,0,19,23,10,18,21,0,0,28,7,2,17,30,6,24,8,3,27,0,25
5,10,15,26,19,27,4,16,18,0,7,29,8,28,12,0,6,21,2,30,20,13,1,0,24,17,14,23,0,0
13,14,9,10,17,16,18,12,15,20,23,25,0,19,24,22,0,28,26,6,7,27,29,5,0,1,2,4,21,11
15,17,11,0,23,4,0,13,14,21,20,9,29,2,19,26,0,24,27,6,22,18,16,8,3,10,28,25,7,12
6,25,13,16,0,30,2,11,26,19,1,20,27,29,22,23,0,10,28,9,0,5,8,17,24,4,7,3,18,21
3,0,13,26,0,29,0,19,0,6,10,16,9,20,17,23,25,5,15,0,0,11,8,2,24,1,28,7,12,14
15,25,12,30,29,14,13,0,8,0,9,27,0,19,26,5,0,1,4,16,2,10,18,23,28,11,17,3,0,24
17,18,27,8,13,4,30,20,11,19,22,10,0,26,2,12,0,5,1,25,28,3,24,6,14,0,0,0,21,0
3,11,16,9,1,25,4,0,26,5,19,15,20,2,14,22,0,0,18,6,10,24,12,8,0,29,7,23,13,0
25,8,16,0,17,1,19,21,2,6,0,0,22,12,24,27,0,0,10,15,28,20,13,4,5,7,14,0,18,3
25,0,24,5,0,21,19,23,30,16,17,27,26,9,20,14,10,11,4,7,1,8,15,0,12,0,22,29,0,13
15,25,2,6,12,16,22,5,19,0,13,7,14,0,24,10,23,0,17,9,1,0,0,18,21,20,11,29,4,26
0,1,19,2,6,30,12,4,27,0,10,13,5,16,18,11,29,22,8,26,9,3,20,14,15,17,28,25,7,0
25,7,22,17,0,4,5,11,10,0,28,26,15,29,24,20,30,6,13,1,14,12,19,18,8,16,23,9,3,21
0,17,0,15,29,1,11,6,4,27,10,0,16,5,26,0,12,0,23,0,0,25,21,0,20,2,0,0,7,0
27,26,4,21,0,15,29,23,0,24,0,28,11,12,0,1,7,0,8,16,0,18,0,20,17,13,30,9,0,2
8,22,11,27,16,29,19,28,17,2,23,7,0,0,0,15,25,14,6,5,30,3,21,0,24,12,9,0,20,4
22,17,8,29,30,13,20,0,0,6,28,25,0,5,11,0,0,26,16,12,9,15,10,14,23,19,2,18,27,0
28,3,6,16,1,17,19,10,30,29,21,25,24,20,0,0,14,9,27,13,23,0,8,15,5,0,22,7,18,2
14,0,7,28,4,2,0,11,24,9,19,17,30,25,22,8,3,29,26,18,15,16,21,5,23,27,12,0,6,0
3,22,24,11,18,14,15,4,30,25,10,0,1,21,0,0,12,0,7,9,23,5,17,20,2,0,0,13,26,8
7,19,27,22,23,0,17,24,28,0,25,11,20,6,1,5,3,9,21,29,0,0,2,14,13,16,0,26,18,12
13,0,11,3,16,5,15,9,17,29,18,24,4,10,14,8,1,30,12,27,7,23,25,28,19,0,0,6,20,21
11,27,14,0,3,1,0,9,20,0,16,23,0,10,25,8,24,0,7,22,5,12,0,29,13,30,19,4,18,28
24,16,20,18,11,3,30,26,2,14,4,28,19,0,0,22,6,17,15,0,29,0,0,5,7,21,9,10,27,13
16,6,19,0,2,26,0,3,14,28,23,24,4,18,0,13,11,22,9,10,5,27,0,1,17,29,12,7,0,15
6,0,29,1,14,13,0,9,17,8,0,3,30,16,0,22,0,11,2,12,5,18,28,26,0,10,21,27,7,15
13,14,27,10,16,9,12,17,7,22,15,1,5,8,20,0,28,21,30,24,4,11,0,19,0,2,0,25,23,3
12,3,24,15,27,8,14,10,5,0,0,20,7,0,29,25,28,4,30,18,2,19,26,9,21,0,1,16,22,13
30,12,28,23,7,1,3,0,25,29,0,13,6,16,14,9,15,8,10,11,2,18,27,0,0,20,21,17,0,26
4,7,11,8,0,28,0,14,29,26,6,15,10,0,0,20,5,3,0,22,16,24,30,1,27,9,12,2,25,18
5,29,0,11,24,12,14,1,7,19,2,25,0,10,26,6,0,3,21,28,16,0,0,18,13,0,15,0,23,17
24,0,5,26,11,20,4,0,19,18,15,0,7,10,1,9,13,0,0,14,25,30,17,28,27,0,22,12,3,2
22,0,0,0,15,21,10,1,27,5,0,9,8,26,12,11,29,14,13,6,0,24,2,28,16,25,18,0,30,23
0,9,0,15,24,0,21,0,23,13,12,6,28,2,27,26,4,16,1,19,22,8,17,29,0,5,25,3,11,18
9,0,13,10,18,27,25,20,11,17,30,15,14,23,21,19,24,26,7,5,3,1,6,2,28,0,0,0,8,0
3,0,23,20,17,16,27,5,0,12,30,28,2,13,26,4,14,0,8,7,15,0,24,0,19,10,25,0,1,0
3,20,19,9,11,15,13,17,28,8,1,6,26,27,5,4,7,2,0,29,0,21,30,25,23,16,0,12,14,18
15,0,18,3,13,0,11,10,0,5,1,9,0,19,0,24,23,29,0,28,12,7,0,4,8,27,22,14,20,21
29,19,8,17,18,21,15,1,10,24,26,3,7,0,2,22,6,11,9,23,13,4,12,25,28,27,14,0,16,5
23,0,17,0,30,25,14,15,0,0,10,18,2,29,28,8,22,7,26,12,0,0,21,5,9,4,20,6,0,0
15,0,16,2,25,26,18,4,20,30,6,28,12,3,27,0,13,24,17,22,7,1,5,23,11,10,0,0,14,0
16,8,15,18,9,0,5,12,13,29,17,0,14,25,19,7,10,27,0,22,24,0,20,11,26,23,28,21,0,2
13,22,0,23,1,30,0,15,3,17,16,0,19,10,0,0,6,12,29,26,8,7,9,18,4,27,24,20,25,11
0,11,5,22,0,4,15,3,26,28,9,1,10,20,0,17,8,23,0,6,30,29,0,16,21,25,14,27,18,7
14,0,0,25,4,1,21,29,0,6,16,17,28,30,0,5,23,15,24,3,9,0,26,20,0,8,0,22,18,27
30,10,6,0,8,5,16,4,7,25,20,18,21,19,17,12,27,11,9,28,29,0,26,0,0,15,0,1,0,2
19,0,0,12,15,10,5,26,16,14,30,22,25,29,17,24,20,3,28,23,0,13,1,11,0,21,9,6,0,4
0,8,9,0,0,14,29,6,18,16,7,10,19,26,13,30,15,0,25,0,11,0,24,17,5,22,3,0,2,28
29,28,1,0,9,2,12,24,11,27,15,0,22,0,25,6,0,19,3,10,18,20,14,30,0,16,21,13,17,5
11,0,1,22,13,0,30,15,19,8,10,0,7,17,29,28,21,16,12,0,18,0,27,0,26,23,0,20,0,24
24,28,14,7,29,0,1,12,16,3,0,2,17,19,23,6,4,13,0,0,0,30,9,21,0,5,18,10,11,20
12,26,21,27,8,30,19,18,1,28,17,0,23,2,4,0,15,0,20,9,5,0,16,6,0,25,10,0,3,11
27,8,20,13,2,9,26,4,0,0,23,22,25,10,30,29,28,16,18,6,11,19,0,0,21,14,0,0,3,0
9,19,17,27,0,14,29,15,0,13,1,18,3,0,0,25,20,7,24,6,11,12,28,4,2,8,26,0,10,21
26,0,1,28,9,2,18,24,11,7,22,17,30,5,25,0,16,6,10,27,3,23,19,21,0,14,8,12,20,4
29,5,15,21,0,20,27,28,17,9,8,4,3,6,0,14,0,23,0,10,0,0,0,11,7,16,19,18,13,24
27,16,28,0,0,0,20,0,26,19,3,13,17,7,4,0,0,25,15,1,11,6,29,18,0,8,0,30,0,10
0,10,1,28,16,19,5,12,0,3,0,4,2,0,26,18,0,15,17,22,9,0,30,8,13,23,11,0,20,21
20,9,28,29,1,4,2,11,26,0,6,16,18,22,0,25,7,10,14,19,23,13,0,12,30,0,24,15,27,5
24,11,0,17,0,1,23,7,18,0,29,5,8,0,27,19,12,16,0,0,25,6,26,30,0,2,10,14,21,28
10,0,25,21,19,0,1,17,11,2,0,23,12,9,0,30,15,4,24,26,7,16,18,20,8,27,13,0,3,14
0,0,5,13,21,28,6,17,3,1,19,0,20,9,10,27,7,2,23,16,8,26,15,12,0,30,0,0,25,0
15,26,23,3,0,12,21,2,17,16,4,0,14,0,9,0,19,5,6,18,11,0,20,10,1,0,0,27,25,22
4,20,12,0,24,8,0,11,3,7,16,2,6,17,26,0,28,14,0,0,10,5,9,13,21,30,29,0,1,19
0,0,13,30,25,28,2,15,21,23,0,0,0,4,10,0,0,27,6,8,12,11,29,26,22,7,3,17,5,20
10,5,14,26,3,24,17,4,11,2,12,0,16,13,0,21,0,9,18,23,6,28,0,27,15,22,19,25,1,7
26,17,15,5,0,21,23,16,29,7,0,10,14,20,0,27,25,0,18,0,0,19,24,13,28,0,1,8,2,12
17,22,4,8,15,0,0,2,23,0,14,0,27,9,0,0,12,3,21,1,5,0,25,26,19,6,0,29,30,24
28,24,0,0,0,0,9,19,6,20,3,25,21,13,30,29,11,8,23,2,18,15,12,16,4,0,26,22,1,7
9,0,28,25,17,10,15,30,23,19,26,27,0,0,0,0,29,13,1,21,7,11,12,14,24,0,8,22,18,20
23,15,12,8,11,14,9,0,10,0,7,0,19,26,5,0,29,28,2,0,1,0,24,4,0,30,16,3,13,21
0,10,2,14,0,19,22,0,13,28,1,18,23,17,8,29,5,0,12,26,30,9,25,11,15,3,0,7,6,16
0,9,24,28,27,21,25,3,14,30,18,5,22,0,7,19,23,0,0,0,0,26,16,1,4,2,6,29,13,11
4,24,5,13,10,17,30,1,0,6,29,16,19,21,25,22,0,0,12,7,15,23,9,0,2,14,18,26,20,8
19,21,1,29,3,4,18,0,16,0,5,0,26,11,23,13,0,10,28,24,20,0,0,30,27,0,12,9,8,22
29,1,23,30,0,0,20,12,0,15,8,0,9,6,7,28,27,0,11,19,10,21,25,3,26,17,0,5,18,22
6,18,27,10,0,29,13,0,15,19,23,7,0,28,0,0,4,16,12,21,24,26,9,5,14,0,8,1,20,22
30,9,26,17,13,24,6,15,0,28,29,0,2,19,1,27,10,7,11,23,0,0,0,5,4,20,14,18,22,25
0,0,7,22,3,26,12,28,10,11,30,18,27,21,0,25,23,16,0,0,13,24,0,17,29,19,8,6,9,1
4,17,18,10,0,12,6,5,20,16,0,1,0,11,0,30,0,25,27,22,19,0,9,7,14,3,8,0,21,0
27,0,0,28,3,5,15,16,13,19,25,23,0,22,0,1,9,7,18,24,17,8,4,12,6,11,29,2,21,20
8,26,0,2,3,10,12,21,29,9,13,15,20,28,17,0,23,6,27,24,14,4,30,18,1,25,0,16,5,11
8,1,16,15,23,2,26,29,4,27,21,18,5,19,0,0,30,0,25,13,7,24,12,17,28,0,0,3,0,11
18,10,24,14,11,26,3,6,12,0,29,19,5,2,4,9,25,0,0,23,0,21,8,15,13,1,7,27,16,0
2,6,1,17,0,13,25,12,10,16,26,9,18,22,30,0,3,28,8,27,24,0,4,5,0,7,21,19,23,0
2,13,7,5,0,30,6,0,17,29,25,3,15,22,14,23,16,9,26,27,10,8,11,12,21,0,0,20,0,18
3,0,23,15,16,19,0,0,12,20,0,17,24,27,8,25,5,28,1,18,13,29,10,2,4,21,22,30,7,14
20,5,0,29,6,0,19,0,11,13,8,0,18,7,27,2,4,23,28,0,24,9,30,26,1,0,10,12,25,16
25,0,11,29,9,0,15,14,7,13,0,19,4,16,0,10,0,12,26,1,27,24,21,3,17,0,5,23,6,0
14,1,28,21,6,10,0,16,18,22,19,4,0,25,20,13,24,27,0,17,8,2,7,0,15,12,11,23,3,9
13,26,1,8,3,15,21,29,25,12,0,27,10,20,5,6,19,4,14,23,28,9,18,11,30,0,0,22,7,16
30,0,2,29,7,0,21,9,12,5,0,11,17,1,20,14,8,19,10,18,27,24,26,3,23,16,13,4,6,0
0,14,18,27,23,12,30,7,4,2,0,22,16,13,5,11,15,8,10,0,9,21,25,29,0,20,1,0,19,17
2,30,7,3,0,17,26,18,16,12,0,0,23,5,29,6,25,27,9,28,0,21,8,22,10,15,24,19,13,20
25,1,19,2,13,11,0,30,6,0,0,20,4,28,0,15,5,16,23,26,10,14,9,21,22,3,29,0,0,17
9,24,12,11,3,28,0,30,13,22,7,25,23,16,0,21,10,1,20,29,17,19,0,14,8,15,5,27,18,2
12,23,29,19,20,28,0,13,10,4,7,27,11,30,1,26,22,21,0,14,6,5,3,0,15,8,9,0,0,16
23,15,22,28,3,11,13,9,10,19,27,0,8,0,0,1,0,21,4,30,0,29,17,7,14,0,12,5,0,2
5,22,0,23,7,16,8,0,11,13,6,3,2,10,17,4,18,20,15,0,24,0,12,14,30,19,21,1,27,29
4,25,0,26,3,8,0,0,0,16,5,6,0,7,19,28,27,21,13,29,22,9,17,2,0,18,14,12,0,20
17,14,1,8,0,25,0,0,29,22,30,16,28,19,0,27,6,26,23,24,20,21,13,0,7,15,9,10,4,5
2,5,0,15,8,4,0,21,6,0,25,26,19,0,13,9,27,10,0,28,12,14,1,29,0,0,22,11,3,17
3,18,0,19,28,14,13,0,23,24,6,29,0,4,8,2,12,30,5,15,0,20,22,26,1,21,0,0,16,0
8,12,29,23,0,2,4,0,28,1,24,17,10,21,0,3,0,22,27,6,16,20,26,7,18,5,15,14,13,19
6,28,29,19,16,10,23,7,0,4,25,13,8,1,0,12,2,0,26,3,18,5,11,30,17,24,9,20,0,21
0,18,22,0,9,0,0,26,12,0,20,2,3,21,1,5,8,11,27,24,0,30,7,14,23,0,4,0,15,29
30,14,29,8,23,25,0,10,16,3,0,18,12,19,0,17,0,27,13,28,0,0,4,21,15,24,5,2,11,9
8,0,0,16,29,5,15,30,27,2,21,1,7,19,26,0,13,22,6,28,9,20,0,14,12,25,23,4,18,11
5,23,0,2,29,11,30,4,21,0,26,14,22,19,10,18,24,27,0,15,3,28,16,9,17,8,0,1,0,25
17,7,0,2,26,22,0,12,30,24,9,25,29,0,27,1,13,8,4,0,10,28,19,15,23,21,0,14,11,6
0,12,23,18,0,15,22,6,13,26,8,0,4,11,9,0,2,16,14,0,1,20,24,30,29,3,28,5,21,17
18,10,19,0,28,11,3,0,0,0,2,29,30,0,12,9,16,14,17,6,5,21,20,4,27,1,0,23,26,7
28,0,16,23,30,1,19,3,2,0,22,29,14,0,0,20,4,26,12,0,15,9,0,18,0,21,5,0,17,0
16,30,14,15,7,2,0,26,23,28,22,18,0,24,5,13,9,10,25,29,20,21,3,0,8,12,19,0,27,0
17,5,9,14,16,2,11,6,27,25,28,19,8,0,3,15,23,0,18,24,1,4,0,26,12,13,0,0,21,22
11,27,15,18,10,7,16,2,24,28,22,13,14,0,5,12,21,1,4,19,0,0,0,6,29,3,23,17,20,26
0,21,0,13,26,16,27,7,28,3,22,18,12,29,8,4,6,0,1,17,0,0,5,23,14,10,24,11,0,20
26,1,8,0,22,0,0,0,7,20,12,24,9,2,5,21,11,0,28,27,30,17,18,23,0,29,14,25,15,3
25,0,12,0,8,7,14,18,0,30,1,4,9,13,21,2,23,6,16,0,20,17,24,26,3,5,19,0,10,15
0,27,8,20,11,13,26,0,19,23,7,9,3,25,28,18,30,5,21,24,15,0,16,12,0,2,22,14,10,6
0,10,21,14,18,3,2,6,28,29,17,26,0,13,7,12,15,27,4,0,20,19,22,0,11,5,24,16,30,8
30,16,10,0,2,26,3,0,0,5,15,9,29,28,12,6,4,0,27,14,8,24,11,17,22,21,0,23,25,20
12,22,21,28,6,25,1,13,0,0,30,18,19,0,0,8,15,11,14,9,5,29,26,23,24,7,4,0,17,10
22,23,0,8,0,10,27,12,2,30,24,11,21,3,20,17,26,9,29,13,0,0,0,16,4,14,28,5,7,15
5,0,2,26,27,0,9,15,0,12,18,13,14,19,10,0,0,3,30,22,6,16,1,21,4,17,29,23,8,20
28,21,5,12,9,8,2,19,0,0,18,26,6,7,1,25,11,20,0,15,10,0,0,23,17,16,0,13,27,24
0,0,22,0,19,8,12,10,0,2,21,0,4,29,7,28,6,13,17,5,23,0,18,26,15,30,14,11,24,25
16,13,12,29,15,5,0,11,26,17,9,21,27,8,25,22,3,2,1,4,24,20,30,28,0,10,0,7,14,0
0,9,26,22,1,12,23,15,24,6,13,0,17,4,7,0,2,30,10,28,3,27,14,21,11,18,20,25,5,29
0,12,7,0,24,0,8,22,16,5,4,29,14,27,3,15,23,28,26,0,18,10,0,19,0,30,1,6,25,13
3,6,4,15,14,18,17,0,0,30,1,26,21,2,20,7,23,0,25,29,10,8,0,11,24,0,16,0,12,22
22,10,27,17,19,13,18,23,26,0,20,6,7,25,1,2,12,5,0,9,11,30,15,29,21,16,4,24,8,3
0,24,17,19,27,22,13,15,26,29,6,11,23,0,14,12,1,9,0,3,10,30,8,28,0,0,18,16,4,0
27,0,8,24,29,13,17,7,4,0,22,19,16,18,14,9,30,25,2,12,15,3,6,21,0,28,11,23,26,20
10,1,7,0,17,23,26,16,0,19,0,18,8,2,27,20,22,3,5,0,4,12,29,6,28,25,21,0,30,0
18,27,9,28,12,14,2,11,7,8,26,19,4,20,17,10,30,23,6,3,13,0,24,22,1,0,0,25,0,21
6,13,23,28,9,14,29,0,11,2,25,4,19,16,30,7,15,20,5,21,12,0,26,27,8,1,18,3,22,10
28,15,22,0,17,0,26,23,27,0,25,10,0,13,12,8,2,30,3,9,4,0,19,16,1,14,7,29,24,6
12,4,30,29,20,0,27,0,25,6,23,5,3,15,28,22,2,7,17,19,24,8,0,14,26,10,16,11,21,9
15,4,1,5,19,0,16,30,24,13,20,21,11,18,0,22,8,7,6,25,0,12,17,23,0,2,0,10,14,29
15,0,2,16,13,20,24,4,29,1,7,21,23,17,18,19,0,6,0,3,25,26,22,10,9,14,30,0,0,8
12,0,5,3,14,29,16,9,19,17,2,28,26,27,25,0,6,30,20,0,0,0,8,21,11,23,0,7,22,0
29,20,1,9,7,4,26,0,23,28,0,18,6,17,0,5,15,3,30,0,22,14,24,10,0,8,13,0,0,21
26,5,11,18,13,20,6,0,28,16,25,9,29,1,2,0,0,21,0,4,30,14,17,7,23,3,0,0,22,27
13,28,17,3,21,26,19,9,12,14,0,15,6,22,16,30,27,10,24,11,29,2,1,0,0,0,0,23,0,25
27,5,25,23,15,11,28,4,0,0,8,13,22,6,0,10,2,19,9,0,30,7,29,20,12,1,17,21,0,14
10,1,0,24,8,11,17,0,25,23,5,9,0,20,18,14,22,16,27,26,19,13,12,0,0,28,30,6,2,3
0,25,0,0,18,3,21,10,1,0,8,4,0,24,29,6,14,23,5,9,15,12,20,30,0,13,0,22,11,19
3,18,14,19,0,22,5,12,15,27,21,25,2,0,11,0,10,28,8,13,0,1,7,9,24,23,6,16,20,26
20,3,30,24,22,0,0,9,5,7,18,0,0,15,23,0,25,14,17,28,10,0,29,11,1,0,12,4,27,26
16,23,0,28,12,20,22,0,4,15,17,6,30,3,27,5,0,14,0,26,2,9,11,13,21,7,24,10,0,8
19,7,0,2,24,28,11,23,0,0,27,20,25,3,10,26,30,1,16,22,4,8,17,13,18,6,14,29,0,9
6,0,17,14,15,25,2,0,1,21,5,22,23,19,27,10,4,9,16,30,29,8,20,0,7,18,0,24,13,11
0,0,12,16,11,19,9,4,26,29,6,23,0,8,18,0,27,5,14,0,3,1,22,17,30,13,21,2,20,0
15,0,25,0,0,10,20,6,5,14,29,19,11,28,21,27,18,9,0,1,0,7,17,3,30,24,0,23,8,22
15,13,24,5,3,2,0,16,8,18,0,7,19,17,9,28,0,4,21,30,27,12,0,1,11,14,10,25,20,23
10,22,0,28,0,20,16,0,11,0,1,8,9,24,14,19,2,17,18,15,12,27,25,30,3,21,0,6,7,13
19,0,21,14,25,0,2,0,24,0,10,28,8,0,5,22,11,4,29,15,27,26,12,7,23,30,17,3,20,1
7,1,4,15,20,0,9,30,8,25,16,19,10,0,0,0,23,11,29,2,24,28,14,27,18,6,5,0,17,12
18,0,2,9,4,10,0,0,0,12,25,0,26,27,22,14,7,3,30,15,23,29,0,8,16,5,21,20,17,1
4,5,20,12,9,19,14,29,15,28,6,22,24,0,10,26,18,0,0,27,13,11,0,30,0,21,16,7,2,0
6,21,2,12,29,22,20,11,4,23,0,0,15,0,7,17,28,26,0,16,0,5,8,0,3,27,9,25,24,14
26,5,7,15,6,12,30,0,23,2,0,18,16,8,17,24,27,14,21,19,28,10,20,22,0,0,1,29,13,9
0,4,24,20,13,27,8,12,7,28,18,23,1,11,25,9,26,15,3,14,0,29,2,0,30,5,16,19,21,10
19,16,25,21,23,11,30,6,8,7,1,4,17,20,0,15,28,29,13,0,0,0,12,26,22,10,3,18,2,9
9,0,18,5,27,7,22,20,25,0,21,30,28,15,19,0,1,29,3,13,16,11,14,6,8,23,0,4,2,10
21,12,0,30,0,19,16,2,23,29,9,13,0,0,1,20,24,10,14,18,8,28,7,11,6,15,25,27,0,5
12,21,20,10,19,14,4,0,15,28,23,16,27,29,18,8,5,7,11,2,26,6,0,0,13,1,22,24,0,0
18,19,17,7,0,21,24,0,29,27,13,20,14,25,22,5,2,11,0,15,0,0,0,6,3,10,23,4,28,0
0,0,27,24,8,11,14,15,10,13,19,4,20,12,17,25,0,22,0,1,26,30,0,5,2,0,0,18,9,16
13,0,7,0,2,4,28,17,0,30,25,18,0,12,11,6,22,5,23,15,14,16,20,29,10,8,19,21,9,24
12,8,4,0,0,15,17,30,3,22,21,9,29,0,13,1,26,0,24,27,0,20,28,2,19,25,16,7,18,14
7,1,21,0,24,19,28,15,0,0,22,25,27,8,10,11,3,20,2,23,6,30,13,12,14,18,29,5,9,26
21,10,16,0,28,9,0,18,12,19,0,8,7,1,14,0,25,15,23,17,22,0,13,4,5,20,24,6,26,3
7,0,0,17,15,8,30,14,10,13,3,0,0,28,25,18,29,5,24,1,6,19,22,20,0,2,11,9,23,26
13,3,0,1,28,11,14,19,21,17,15,22,23,5,10,0,20,25,0,0,18,0,0,6,30,4,0,27,26,8
0,17,5,23,28,27,26,0,16,12,7,0,10,18,29,25,0,6,14,13,2,24,20,4,0,9,30,22,8,3
17,22,0,2,14,9,0,23,30,20,0,5,27,18,10,24,7,1,26,0,29,8,13,12,15,6,0,0,25,0
14,0,28,10,13,12,27,11,20,0,16,0,2,23,7,22,0,0,29,30,17,26,19,21,18,5,4,15,3,24
17,24,10,22,21,19,0,0,26,20,0,29,8,25,9,0,2,5,1,13,4,7,27,0,11,6,15,3,23,14
24,0,23,16,15,21,13,12,18,22,0,0,0,20,17,0,3,27,0,10,9,19,30,26,28,2,1,0,0,4
15,26,19,23,8,0,0,0,22,7,0,14,18,16,27,20,6,24,4,11,5,0,13,2,9,28,17,12,0,1
0,16,18,19,7,9,27,0,14,20,3,0,8,28,1,12,4,23,11,2,5,0,0,10,29,6,0,25,17,22
0,20,0,10,17,0,11,2,21,5,1,9,8,25,24,0,6,22,0,3,0,4,16,0,7,14,26,27,23,19
0,0,0,11,18,0,26,28,24,22,16,15,0,8,27,14,2,30,23,0,9,6,5,10,13,0,29,12,3,4
24,23,27,2,6,29,0,0,25,9,8,19,22,26,21,18,30,5,10,1,14,3,17,7,4,28,15,0,11,20
7,1,0,19,25,8,0,26,14,11,4,9,23,22,10,20,13,2,30,28,3,15,29,12,18,0,5,6,24,16
29,0,18,9,2,12,25,0,6,30,23,26,16,15,13,0,4,28,20,24,0,14,21,8,3,19,1,10,5,27
11,27,8,21,19,4,14,9,26,15,10,20,0,6,0,17,25,0,1,23,16,28,5,18,0,0,0,24,2,7
4,1,13,20,0,9,0,10,3,25,8,22,2,17,7,11,27,5,16,18,0,0,24,19,6,15,26,12,0,0
0,18,26,27,0,29,9,6,4,15,7,8,23,2,19,10,22,21,11,3,20,30,0,12,0,24,0,17,5,13
17,11,28,0,19,0,13,16,26,14,0,1,3,4,8,30,0,22,29,27,23,24,0,6,20,12,10,21,18,2
17,29,6,0,10,7,5,9,2,20,27,23,12,21,3,4,14,0,26,0,0,0,0,22,18,15,1,16,24,11
18,0,0,22,3,0,11,1,24,13,0,28,9,30,14,21,0,6,16,17,0,0,7,15,12,29,2,19,23,0
26,18,0,30,10,21,13,19,6,7,5,0,14,27,12,17,0,0,23,8,1,11,29,20,0,2,24,25,28,22
26,21,10,3,20,0,4,17,6,0,1,28,23,18,0,7,9,13,29,12,19,15,0,27,22,2,16,24,0,25
22,14,12,2,1,17,0,5,24,27,13,19,0,23,18,8,11,0,20,26,3,0,6,4,21,28,29,10,16,25
7,9,10,16,2,0,29,0,21,27,22,11,8,24,23,0,14,12,5,15,4,25,18,28,3,0,26,20,17,19
4,25,29,18,17,16,14,13,0,22,7,0,9,20,2,0,1,30,28,19,3,15,12,10,6,27,5,26,0,0
14,13,29,7,16,15,6,2,24,20,5,0,0,27,9,22,8,28,26,19,18,23,21,17,1,25,11,4,12,0
26,29,4,0,27,14,0,3,12,22,18,28,17,25,20,13,19,0,23,16,8,24,7,5,0,2,15,11,10,9
3,6,0,7,19,27,25,20,18,0,30,23,9,16,13,0,11,12,0,0,14,28,22,26,5,2,4,29,17,24
28,17,10,24,13,15,6,29,8,30,0,0,12,16,19,18,14,20,0,0,1,0,3,0,2,25,0,0,0,7
9,5,22,0,7,13,12,19,4,6,18,17,23,15,1,11,28,21,14,27,30,2,3,8,10,24,29,16,25,0
29,13,27,22,7,0,20,25,26,0,17,15,0,11,18,10,16,14,21,23,28,2,8,6,3,1,9,30,4,12
25,21,0,14,30,0,1,6,19,20,9,8,23,0,29,11,0,0,2,5,12,16,10,7,26,0,13,22,17,15
9,13,20,3,8,7,18,25,0,26,15,5,17,19,16,0,10,28,30,21,0,4,2,14,11,24,6,1,27,22
7,13,27,23,19,21,22,4,2,25,8,0,1,15,12,3,29,0,0,0,17,20,16,26,11,10,28,9,5,6
7,10,15,6,19,24,9,26,8,0,28,14,0,11,4,22,27,0,13,29,17,30,20,5,0,21,23,25,0,18
29,0,23,21,18,16,1,11,13,14,6,28,2,17,0,0,7,30,0,0,0,19,15,9,22,25,10,5,24,0
0,26,16,0,17,24,21,0,6,0,30,0,7,10,1,19,23,13,5,0,12,0,11,22,20,14,25,0,9,15
0,23,22,18,9,20,29,0,24,28,5,8,26,30,16,6,10,1,15,14,12,4,7,21,17,2,3,19,27,13
14,28,0,16,0,7,24,26,6,13,23,10,2,3,9,0,1,21,4,0,17,0,12,19,5,27,22,8,11,29
0,19,5,24,0,7,13,22,25,9,3,1,23,0,8,14,2,15,21,4,26,20,10,6,29,16,30,11,12,18
7,8,0,0,0,20,24,9,15,1,0,2,29,6,0,28,12,0,21,18,13,16,27,4,26,5,19,30,0,10
23,26,27,28,1,12,9,18,4,3,5,10,8,11,17,6,2,0,0,19,16,0,20,21,29,0,14,15,7,0
28,22,26,18,1,7,0,25,15,17,0,3,12,29,10,11,27,0,6,19,14,0,16,13,2,23,20,9,4,21
13,0,18,15,16,28,3,26,19,1,20,0,12,0,22,14,23,24,21,30,2,6,0,9,0,0,4,8,0,25
16,1,22,20,23,13,2,0,5,26,25,15,14,0,6,17,29,11,8,3,4,0,7,27,28,19,10,0,0,0
16,10,24,0,9,0,21,12,18,22,6,26,20,7,27,28,25,4,11,0,0,8,14,15,1,19,0,0,0,29
23,10,28,14,2,16,21,9,12,22,5,26,20,29,25,0,0,19,0,8,0,1,3,17,7,0,6,0,27,15
11,19,0,17,14,25,2,0,26,8,0,15,5,10,0,22,0,16,9,21,1,4,18,6,13,20,29,27,30,3
21,1,0,27,2,16,13,22,0,26,0,20,3,4,9,0,6,15,28,23,0,14,25,8,10,17,29,0,18,11
29,23,11,13,17,0,22,26,19,28,10,8,0,16,21,0,24,3,18,9,0,1,30,0,4,2,14,6,15,7
7,5,12,18,16,0,8,22,3,25,21,1,26,17,0,10,29,14,23,0,15,2,30,20,0,19,6,0,28,24
27,24,29,21,9,16,0,20,15,13,0,7,8,0,1,4,2,22,17,26,0,6,0,14,28,12,0,3,5,23
12,0,26,0,3,25,8,21,6,15,30,22,23,24,18,7,16,11,0,17,13,0,14,0,27,20,5,4,10,0
19,6,17,12,21,0,18,5,4,1,28,0,26,0,9,11,25,13,24,0,3,20,0,29,2,23,7,30,14,22
0,15,11,25,0,0,14,0,12,1,26,7,24,4,13,5,21,10,6,17,0,18,27,3,23,9,20,19,28,22
28,0,29,8,2,3,5,30,0,17,24,1,25,15,26,10,20,16,13,27,18,0,21,19,14,4,0,23,9,0
25,4,13,19,29,11,1,0,8,26,15,22,27,23,0,24,14,9,6,2,0,3,20,0,21,28,0,18,10,7
6,19,27,16,20,0,14,4,2,12,1,13,28,21,11,10,9,15,0,22,30,8,29,23,5,17,18,0,3,25
11,7,1,18,27,21,23,13,0,9,0,3,12,26,24,28,22,16,10,4,15,0,29,19,17,0,0,5,6,14
4,29,8,3,22,23,11,15,5,18,20,0,19,9,21,0,6,0,24,30,28,13,2,0,26,27,12,17,7,25
25,4,0,29,30,0,9,21,26,0,17,13,10,23,11,24,16,2,12,0,18,20,15,0,6,27,0,5,3,0
5,8,12,16,27,15,3,9,1,24,19,11,7,22,0,10,0,26,14,18,29,6,21,28,17,0,0,2,30,25
20,18,17,2,8,0,14,22,30,21,26,6,10,24,25,0,29,0,7,12,28,13,16,11,19,5,15,0,4,27
9,16,15,5,0,0,0,7,13,0,18,27,6,22,0,23,1,4,28,29,25,8,19,3,14,11,26,21,0,12
0,1,22,6,27,9,29,11,0,18,15,23,0,5,7,17,0,0,21,26,28,8,30,16,2,12,20,0,14,25
22,28,14,6,25,24,9,16,29,17,2,15,19,10,3,11,18,4,8,0,1,20,0,5,13,27,21,30,23,26
0,7,0,27,0,28,0,16,4,11,26,14,20,18,9,23,29,0,6,30,19,17,0,1,12,24,21,0,13,3
6,1,19,0,10,7,17,21,0,13,27,2,8,22,0,3,11,24,15,26,23,16,20,29,12,4,28,18,9,0
11,13,28,3,20,30,19,17,2,0,25,21,8,23,0,14,7,15,0,1,27,9,26,12,29,5,22,6,18,0
11,3,29,12,28,2,19,0,0,25,15,23,26,17,16,10,4,6,0,18,27,21,9,13,5,7,0,0,14,8
30,25,27,19,22,29,1,14,15,0,16,7,4,2,26,9,10,6,11,8,0,20,0,3,28,5,0,24,17,18
13,17,2,14,19,26,18,0,0,0,3,23,15,30,27,22,0,0,28,5,12,8,1,25,10,4,7,16,0,21
4,23,13,6,15,28,1,0,17,0,29,8,7,20,3,2,0,11,30,21,26,0,27,25,0,22,9,10,19,24
26,25,0,6,30,7,22,11,17,20,0,15,18,24,29,3,16,9,13,23,10,8,19,2,4,21,1,27,0,12
0,7,24,28,22,0,0,30,26,11,15,20,0,18,12,17,2,10,14,6,29,13,8,4,23,0,16,21,27,19
30,26,0,15,12,4,0,18,21,8,2,0,23,13,0,14,22,1,5,17,7,0,10,9,28,27,20,11,6,24
0,3,16,9,23,24,2,1,13,18,7,0,21,0,4,20,22,27,0,17,12,19,14,29,0,15,30,6,8,25
23,9,14,24,0,25,30,18,15,26,0,16,29,1,21,3,6,27,11,4,28,0,17,13,22,8,0,19,10,0
26,0,9,25,0,0,21,30,28,15,2,0,0,27,6,1,14,22,12,24,16,29,4,3,5,11,7,18,0,19
20,21,27,3,18,25,0,16,0,22,10,0,26,4,7,0,11,24,5,23,17,14,28,2,1,9,29,12,30,15
15,17,0,2,27,26,1,0,12,5,29,19,8,20,13,4,18,7,10,0,0,21,6,30,24,0,23,25,3,14
8,0,6,24,4,2,1,12,0,0,14,25,0,23,10,20,19,15,13,27,9,3,21,7,17,30,22,29,26,18
30,14,2,9,19,0,25,0,10,11,29,13,22,0,4,8,7,20,12,15,17,18,0,27,6,5,3,26,24,16
25,15,28,18,29,0,19,4,30,0,3,11,0,13,16,10,8,0,22,0,1,0,24,6,7,5,20,21,14,26
30,15,24,26,9,4,0,2,23,0,18,20,29,3,0,14,5,13,16,19,12,0,7,22,6,0,17,0,1,10
27,0,2,0,11,24,26,4,19,23,14,20,9,13,22,28,30,0,1,7,25,21,6,0,12,29,17,3,8,10
7,0,0,11,2,10,14,21,19,13,8,0,17,23,0,0,25,16,27,12,3,20,4,22,15,9,0,1,6,18
0,4,8,5,1,15,18,26,30,0,7,27,28,17,9,29,11,0,13,0,10,0,21,16,2,0,24,14,22,20
27,24,5,9,14,16,10,20,19,4,18,0,0,8,23,2,12,26,0,13,3,11,17,30,21,0,7,6,1,0
11,8,20,0,26,30,9,14,25,1,5,13,0,16,2,0,7,6,0,23,18,10,17,0,19,12,21,15,4,0
13,27,28,20,22,0,14,30,15,11,9,1,0,0,16,21,25,19,0,17,29,12,2,7,24,10,18,4,6,23
0,19,2,20,26,18,0,30,0,22,23,0,11,27,0,0,21,1,16,3,8,0,6,13,9,17,7,4,24,14
10,6,28,26,22,11,12,23,5,18,20,17,1,3,0,29,0,0,0,25,27,8,30,15,14,0,9,19,0,2
24,4,26,11,12,18,0,17,8,5,20,28,14,30,6,15,0,10,0,1,19,13,2,9,22,21,3,25,23,0
19,28,7,20,30,17,14,3,22,13,26,29,21,0,12,8,18,25,24,9,0,0,4,0,23,6,2,1,5,0
13,21,29,5,6,15,0,22,16,9,4,19,8,17,12,26,20,3,7,0,0,18,14,11,1,24,2,25,23,0
27,22,6,0,0,18,2,29,1,15,0,25,12,3,13,24,4,0,11,21,14,0,16,9,30,17,8,5,28,23
23,5,0,16,0,24,13,3,25,0,22,11,0,28,18,0,9,14,17,19,20,0,7,0,1,30,2,10,26,21
25,0,1,22,26,23,14,21,8,19,30,9,24,4,17,6,0,20,0,11,27,29,13,7,12,0,18,16,15,0
21,0,18,8,26,5,10,29,23,9,3,0,19,16,17,12,0,4,15,6,28,0,25,22,11,0,14,2,24,27
11,5,17,26,12,30,13,28,0,7,29,23,25,19,0,3,1,4,2,9,22,0,24,20,21,14,15,10,8,18
11,22,26,0,20,30,16,24,13,2,29,0,28,21,25,27,0,0,9,19,4,5,12,6,0,0,8,7,17,18
15,23,0,29,13,8,4,14,12,1,26,16,22,0,25,0,7,24,11,2,10,9,19,0,18,3,5,0,30,21
5,29,0,0,0,30,13,16,26,28,0,2,17,0,11,22,20,27,7,21,3,14,10,15,24,1,6,19,18,0
9,16,19,0,26,4,2,3,0,11,15,25,0,27,6,0,0,21,13,28,30,14,22,29,20,1,5,0,0,24
22,12,16,0,24,11,21,13,8,17,28,5,15,2,25,4,26,29,10,9,19,0,27,23,1,18,20,0,0,6
0,0,0,0,0,9,11,5,3,26,0,14,6,24,13,10,4,0,21,0,15,0,2,18,0,7,19,16,17,0
10,3,23,18,8,28,21,26,14,0,0,17,16,13,0,0,1,30,0,6,24,11,0,25,22,29,15,9,4,2
11,16,10,17,3,0,27,21,0,29,25,7,20,22,8,18,2,23,0,9,5,13,24,26,19,14,4,0,6,15
26,1,10,28,19,0,0,23,21,8,18,17,2,20,30,5,0,6,0,9,11,14,24,16,29,27,4,0,12,22
15,25,0,8,19,16,0,30,23,17,0,10,12,2,27,20,0,22,1,3,18,9,5,14,28,24,11,21,13,6
3,21,30,2,11,19,17,24,29,0,7,20,0,0,23,1,25,15,28,6,10,8,9,13,16,14,5,18,0,4
9,0,14,0,11,26,3,15,0,29,4,23,8,17,20,25,28,13,2,10,22,0,30,21,1,5,6,24,19,18
4,27,25,30,1,3,10,0,19,13,0,21,0,22,28,8,0,9,29,23,17,18,15,26,0,11,16,6,12,20
0,22,26,18,12,9,6,27,17,0,30,19,23,11,0,25,4,29,0,7,28,15,10,0,5,16,21,14,2,13
0,0,10,25,16,1,5,0,13,21,3,19,27,30,0,14,12,23,9,11,8,24,28,15,2,17,6,26,0,20
15,0,26,21,19,0,25,16,11,4,5,22,2,8,13,0,7,30,20,24,3,18,6,23,12,29,10,9,0,1
23,0,0,17,12,22,13,7,21,4,25,0,24,28,0,10,0,27,15,8,16,30,19,0,29,9,2,6,3,0
17,28,6,27,0,30,4,16,25,0,19,0,2,20,26,24,21,0,22,12,5,15,1,9,23,13,10,8,0,7
15,22,28,12,0,21,6,18,24,2,1,9,0,30,19,29,16,13,4,10,20,0,3,14,17,5,8,26,0,0
24,0,8,21,22,15,25,10,0,7,4,29,0,16,3,28,2,14,26,18,6,1,13,30,12,0,9,17,0,19
14,6,0,5,30,27,3,9,24,4,29,8,0,0,21,11,26,25,12,2,28,0,22,20,7,0,16,23,15,19
17,11,25,10,30,0,14,2,13,6,0,5,21,18,23,22,19,8,12,1,16,0,28,0,9,4,20,27,3,7
21,28,0,15,19,0,30,24,25,2,26,6,11,13,9,18,16,7,22,0,29,4,12,17,3,0,5,27,14,10
11,0,25,3,16,27,2,6,0,20,14,24,21,10,26,15,28,29,22,4,17,0,8,0,5,7,13,1,30,19
9,19,0,29,18,17,25,24,8,12,4,27,14,28,11,0,15,22,23,16,3,1,13,2,5,21,26,30,0,6
15,5,0,7,24,25,29,0,6,19,8,16,0,23,4,10,18,28,17,0,22,3,12,20,2,14,9,13,27,0
2,20,13,11,12,21,18,28,0,15,9,22,8,16,1,26,5,23,27,7,29,6,17,0,24,19,0,10,30,25
2,0,25,14,18,30,22,20,1,27,15,8,26,23,19,4,13,16,10,24,11,3,29,28,0,7,12,0,17,9
30,19,21,17,15,0,10,0,0,28,0,11,29,22,20,26,5,8,24,0,0,0,7,18,12,27,14,16,2,3
0,1,0,0,10,17,0,22,27,0,3,11,18,16,19,5,0,15,8,23,4,30,6,28,12,14,26,9,2,20
29,0,5,18,10,0,14,30,23,0,3,4,20,17,27,2,21,7,22,28,13,0,12,9,15,8,24,11,25,16
21,18,23,27,4,19,24,11,7,0,13,0,20,0,26,6,22,25,3,28,2,0,29,17,0,5,0,1,8,15
19,30,0,24,23,21,27,0,7,16,29,20,14,26,5,17,1,9,0,15,10,12,8,6,22,0,2,0,3,0
22,16,6,0,8,0,0,19,13,24,18,0,29,23,0,28,11,20,12,3,26,0,9,30,14,27,2,10,21,1
0,0,19,5,14,29,18,0,30,16,25,27,17,11,10,0,3,2,0,9,8,28,26,13,0,0,24,21,12,6
7,26,2,8,13,11,23,10,12,27,0,0,6,29,0,0,0,0,20,15,17,30,5,18,19,9,22,4,28,1
9,14,27,1,29,5,26,0,30,21,7,13,0,17,19,15,10,0,0,23,3,8,12,4,22,25,0,0,18,16
0,0,28,2,0,0,6,11,20,4,17,23,15,29,3,22,13,25,10,7,12,26,27,0,9,18,19,21,16,5
4,23,2,5,0,0,0,0,30,26,27,13,11,18,17,14,3,9,21,19,29,0,12,6,20,16,10,1,15,28
29,25,19,21,0,30,2,15,18,8,16,4,0,22,24,27,13,6,26,1,9,20,10,0,0,7,28,23,0,3
14,25,15,2,6,30,16,19,17,7,1,22,0,26,4,5,21,28,12,9,24,23,10,0,18,13,29,8,3,11
9,23,1,0,6,21,5,13,27,0,17,15,12,8,28,19,0,7,3,10,11,29,18,30,4,16,22,2,0,20
0,21,5,25,20,28,11,2,13,19,15,0,1,8,4,0,7,17,16,0,24,29,12,0,30,23,0,18,0,26
11,25,13,0,9,0,5,28,8,22,12,0,6,0,4,15,10,7,30,0,17,24,20,19,26,29,2,16,3,0
19,13,0,24,26,23,18,10,22,11,21,0,0,20,16,1,30,0,27,5,0,12,9,8,29,4,28,2,17,3
19,14,0,20,0,27,13,12,8,18,23,11,6,25,5,28,2,9,26,16,4,0,3,10,22,24,15,30,21,0
8,20,26,0,11,29,3,27,0,22,0,1,9,10,7,24,2,19,23,15,0,0,30,5,0,6,28,4,25,17
28,14,12,0,27,22,8,26,2,0,30,4,0,20,1,24,16,5,13,3,25,18,21,23,15,11,17,7,6,0
3,22,28,7,16,10,13,0,27,21,0,0,29,8,24,18,11,4,23,19,30,1,6,25,0,14,12,20,15,9
26,0,13,23,24,0,17,29,22,27,14,4,0,20,8,9,28,25,16,15,6,2,11,7,0,18,21,30,5,0
9,30,19,10,13,25,4,29,21,8,0,0,3,0,14,20,27,16,18,17,0,1,0,7,12,0,23,5,28,26
0,6,12,26,30,19,23,0,27,22,29,9,16,2,17,7,5,13,25,10,11,1,24,3,0,28,8,18,20,21
15,27,17,3,19,23,20,13,0,21,1,11,5,7,10,28,26,30,0,18,2,0,16,12,24,0,6,29,0,9
9,4,14,18,2,21,1,5,27,8,29,30,15,19,0,0,6,22,7,23,0,28,12,3,24,0,13,16,26,11
30,1,18,25,0,7,8,3,11,23,5,28,4,12,9,0,24,10,0,6,26,2,0,22,21,15,17,29,13,14
0,21,30,25,19,5,24,0,7,8,0,10,14,0,27,1,28,26,11,3,0,12,20,18,29,6,9,0,22,15
12,11,0,25,8,0,20,27,24,15,0,6,16,5,21,1,0,3,7,18,26,28,13,30,19,0,0,23,0,29
0,20,0,1,26,0,19,14,27,16,25,4,9,23,0,13,0,5,24,8,12,0,30,15,17,21,29,22,2,18
0,15,0,21,2,13,16,1,14,6,30,4,8,0,20,22,12,7,17,18,25,10,27,23,5,11,0,29,24,28
23,1,9,16,14,19,0,0,25,2,21,29,30,10,0,17,27,12,18,0,4,5,28,3,26,13,8,6,7,20
2,4,19,15,0,0,18,24,13,8,25,28,0,0,16,3,10,0,26,22,7,17,6,0,14,20,29,5,23,21
27,10,9,14,24,5,1,12,30,0,4,0,3,8,20,21,7,0,26,23,0,28,29,0,6,25,13,0,18,19
7,23,5,15,18,12,9,29,13,0,27,30,22,0,26,1,19,25,2,17,10,14,0,28,20,8,24,3,6,0
24,25,0,15,17,0,0,14,29,21,22,5,28,30,23,3,11,0,27,7,1,20,16,19,26,12,2,0,18,10
6,19,21,14,3,0,0,16,27,20,12,30,24,7,0,11,0,0,0,28,0,25,17,4,13,9,2,8,18,29
13,0,0,0,30,8,14,1,16,26,6,9,4,17,23,18,21,0,7,0,20,24,0,27,15,0,19,2,11,0
11,30,20,28,9,19,12,10,3,2,7,16,6,15,1,25,0,13,17,23,29,14,24,8,0,27,0,5,22,0
0,20,0,8,30,0,10,5,26,17,0,22,16,4,23,0,29,1,6,7,3,25,11,14,28,2,9,0,0,15
5,0,17,1,8,28,12,19,26,20,15,0,6,0,16,9,30,13,0,22,11,2,18,21,10,4,0,14,25,27
10,9,0,7,24,20,12,4,3,27,0,14,1,21,5,0,11,17,2,25,0,8,22,0,16,19,0,23,26,6
19,0,11,2,26,28,29,22,14,1,7,16,6,0,10,0,25,0,0,17,23,12,5,3,30,13,0,8,0,24
27,10,14,25,24,0,0,0,3,0,4,23,11,15,0,19,20,12,7,22,6,8,16,28,0,30,9,26,1,21
21,17,30,9,29,0,0,28,12,0,3,24,0,5,11,20,23,8,13,27,10,1,6,18,15,4,0,19,0,16
8,0,10,13,25,19,1,0,20,0,12,0,23,15,26,2,27,30,17,14,6,5,7,4,0,0,11,21,28,3
5,18,10,22,12,13,6,23,0,0,21,15,29,27,14,30,25,24,9,0,3,2,7,20,26,0,19,1,17,8
18,11,27,9,7,13,3,6,0,21,5,0,0,25,24,2,0,23,4,10,29,14,19,20,0,28,1,0,30,22
14,26,18,25,8,5,21,11,28,4,17,23,6,20,9,7,24,1,30,29,27,0,22,16,0,0,15,10,0,2
0,28,12,10,14,19,0,17,0,1,22,8,6,0,0,23,0,29,21,11,4,27,13,15,20,3,26,5,16,25
16,5,26,15,0,23,2,7,22,0,20,8,17,19,10,11,9,0,28,12,27,4,18,0,0,21,24,1,25,13
0,0,25,27,3,7,22,11,4,12,16,2,26,6,24,0,5,17,30,21,0,0,13,10,29,14,18,15,8,28
12,22,26,20,27,1,24,0,10,0,30,25,18,15,9,4,23,0,3,7,2,13,6,14,0,29,16,5,17,8
0,12,10,15,26,11,16,0,2,30,17,5,4,22,1,21,29,13,14,25,0,0,24,6,3,27,7,0,18,23
18,16,12,27,3,0,10,4,0,24,23,28,9,30,1,11,20,21,0,5,17,0,0,15,22,0,29,8,13,0
15,23,24,20,0,14,17,7,2,0,21,1,0,26,11,19,22,5,4,29,25,13,16,0,30,28,0,9,3,6
4,9,18,25,10,12,19,5,8,17,0,24,27,23,30,28,0,20,0,0,0,1,11,13,6,16,0,3,26,7
5,0,8,13,3,0,14,4,27,22,24,19,2,0,16,17,26,15,0,29,7,18,1,28,9,0,21,30,11,23
5,21,23,0,30,0,6,15,0,2,12,3,26,18,13,24,19,22,29,4,8,25,0,28,16,0,17,27,10,7
11,5,25,10,15,14,30,12,2,8,13,22,0,29,7,0,19,23,4,17,16,3,20,27,26,28,1,24,21,18
0,0,29,2,16,0,12,26,20,22,27,18,17,4,0,0,10,11,9,0,28,19,24,30,1,3,13,25,6,14
17,4,22,24,0,3,12,0,30,27,26,5,6,10,20,0,19,13,23,29,0,15,11,8,21,0,9,0,7,0
12,26,15,23,22,19,24,25,5,0,13,28,10,18,0,8,2,9,0,17,7,3,21,0,29,4,16,6,0,0
8,26,25,20,15,12,0,28,2,18,17,16,29,9,0,4,22,30,23,3,13,27,10,0,21,6,7,24,11,5
6,4,29,30,0,10,21,11,22,17,0,2,18,13,0,14,16,0,0,12,24,0,28,23,7,5,8,3,15,9
13,18,6,0,3,0,23,17,10,4,24,30,0,28,2,22,21,25,26,16,12,1,5,27,8,11,29,20,9,0
11,28,14,25,24,22,26,30,17,9,21,27,0,4,5,15,12,1,0,0,0,8,6,10,0,3,19,18,2,13
12,30,21,1,24,20,15,0,0,4,25,23,18,0,6,0,28,29,7,22,0,11,27,16,9,8,13,26,0,0
5,24,26,0,6,25,0,18,0,3,17,29,16,10,0,28,9,12,13,22,23,7,15,27,11,0,0,14,21,2
25,0,16,7,8,12,22,30,28,18,0,0,14,9,3,21,29,19,11,4,6,0,1,27,0,10,26,20,0,23
0,5,13,25,9,30,2,28,15,17,0,29,23,12,20,21,6,7,4,26,11,27,1,10,14,3,0,18,0,0
0,8,21,24,0,3,26,28,14,12,16,6,0,13,23,15,27,0,29,19,22,17,7,9,20,10,4,25,30,18
10,4,0,15,0,22,8,0,27,21,23,18,0,29,3,9,1,0,17,0,28,13,12,19,26,24,25,0,20,6
5,26,23,18,0,10,25,0,20,11,9,13,15,0,29,0,30,8,1,27,14,0,24,2,0,22,12,16,21,4
13,6,5,29,0,4,3,22,18,24,26,20,8,23,0,2,15,0,0,0,25,7,11,27,30,21,9,0,17,1
20,16,22,18,6,0,26,23,19,17,27,11,5,8,0,0,29,1,10,13,12,28,24,0,3,30,0,9,21,15
28,22,0,26,8,10,29,30,27,25,6,0,20,9,12,19,15,11,2,0,7,23,13,18,0,21,5,3,17,16
6,20,16,30,8,0,0,12,3,0,2,21,18,19,0,1,27,4,0,5,13,0,9,11,22,25,14,15,0,10
0,27,19,0,6,0,22,5,16,20,3,7,24,23,0,17,13,30,8,18,25,15,11,4,26,2,1,12,0,9
7,29,24,0,30,25,4,0,0,2,1,14,0,10,26,20,6,12,9,0,5,27,17,13,21,16,28,19,11,0
9,23,15,3,0,24,14,12,7,17,22,0,21,4,19,5,0,30,29,18,1,0,28,11,26,27,6,8,20,0
5,0,25,7,8,30,18,29,28,4,1,9,15,23,0,3,6,22,0,12,26,13,27,16,19,14,2,21,0,24
6,3,18,0,25,17,5,23,28,9,22,10,21,0,13,14,26,30,0,0,24,29,11,8,16,15,1,0,12,27
27,29,13,0,17,23,15,12,0,9,7,16,26,20,21,19,28,14,18,25,5,6,10,2,0,22,3,0,8,24
7,4,8,23,0,0,19,28,25,9,15,6,26,13,2,22,10,5,0,3,0,11,0,29,1,17,21,12,0,0
4,13,23,21,0,8,9,0,26,29,25,0,15,20,11,14,19,28,0,18,12,6,7,5,0,17,0,2,16,3
24,30,10,0,8,5,0,14,2,1,7,26,12,16,4,25,0,0,15,19,22,18,0,13,0,29,9,3,6,21
0,28,7,3,22,0,14,20,30,23,1,26,0,16,29,2,6,4,9,25,18,10,11,13,0,17,19,24,12,21
24,6,26,5,8,29,18,0,30,13,4,2,17,11,16,12,27,25,23,19,22,28,9,20,0,0,14,0,3,15
22,26,10,0,1,16,18,12,8,0,14,19,29,3,0,11,20,6,21,23,30,28,27,17,5,0,0,13,15,0
13,14,17,5,8,7,4,12,10,3,28,18,27,9,2,11,0,0,29,0,20,25,21,0,30,23,16,6,22,1
0,14,15,13,0,3,0,28,23,7,0,0,10,27,26,0,5,1,9,29,17,18,0,6,4,22,16,20,2,21
21,6,29,16,12,23,25,15,24,0,20,8,9,2,0,18,5,0,10,22,0,30,0,0,4,3,1,13,0,0
6,19,14,2,0,30,20,17,24,0,0,27,7,0,16,23,10,21,12,15,8,29,18,25,11,9,13,26,3,0
3,9,28,22,29,13,12,6,10,23,30,21,0,11,20,5,0,16,14,2,18,0,25,0,0,1,7,17,24,27
6,4,22,17,11,19,0,0,0,16,25,0,0,28,18,1,20,9,21,12,8,30,5,7,10,0,14,24,26,23
11,12,2,18,0,21,14,0,13,27,29,6,15,0,17,7,0,10,23,22,5,16,4,25,0,24,9,26,20,0
21,20,0,19,0,30,9,0,17,5,7,13,27,11,1,6,16,28,12,18,29,0,2,22,0,0,23,10,24,0
5,13,26,23,19,12,20,2,22,0,1,0,18,29,6,17,0,14,3,27,30,21,25,0,11,8,28,9,24,16
24,1,15,3,0,14,0,16,6,21,20,23,0,25,17,0,29,0,2,30,22,9,11,12,7,13,18,26,27,8
17,27,9,25,30,15,0,1,26,13,8,20,16,5,29,23,22,11,24,0,0,10,7,3,14,12,0,4,19,2
19,7,15,22,2,24,16,0,12,27,17,0,28,5,20,25,4,13,30,21,18,10,11,26,29,9,6,23,0,14
2,4,20,24,12,0,13,18,8,9,0,30,22,26,7,0,19,0,5,29,15,23,17,14,1,0,25,27,6,10
8,20,0,30,15,19,3,28,26,9,27,0,22,0,18,24,0,10,21,25,1,7,16,0,4,11,14,23,5,12
6,19,22,13,26,29,20,7,4,0,0,10,30,1,0,8,28,21,27,3,23,0,15,2,12,17,0,24,0,14
12,3,6,29,22,9,4,10,0,26,5,28,11,19,7,0,14,13,25,21,24,0,20,16,8,2,1,18,27,23
17,10,2,26,20,12,14,0,0,7,5,21,9,0,24,0,22,11,1,28,16,23,15,8,0,6,0,25,19,18
22,0,28,20,27,13,12,0,25,18,3,6,0,16,17,8,23,21,9,0,4,19,30,26,24,11,1,7,5,10
3,0,11,15,0,25,16,0,0,13,6,28,20,30,8,27,7,12,21,29,2,10,18,26,0,9,24,1,17,5
22,4,0,17,0,2,25,14,16,9,6,21,15,20,10,12,18,3,13,5,26,8,29,27,19,11,28,0,30,0
2,25,26,27,24,22,15,10,20,17,8,30,3,13,16,18,12,0,4,0,11,1,0,6,23,7,14,9,28,29
18,26,0,23,20,8,2,9,17,0,10,5,11,1,24,3,29,21,25,14,28,7,30,27,22,13,0,4,16,0
14,10,28,9,3,18,0,12,0,30,13,11,0,7,19,1,0,0,29,4,24,17,0,23,22,0,21,8,0,16
22,19,7,0,3,0,1,6,29,14,25,0,0,4,12,24,16,8,21,0,10,15,11,13,0,18,9,5,0,23
23,17,15,29,12,19,0,9,28,26,7,18,21,3,27,4,0,6,14,25,20,10,30,5,1,11,16,0,8,2
29,1,0,27,13,12,25,20,3,16,0,22,9,2,28,26,18,30,7,11,17,4,6,15,23,5,14,10,0,24
29,19,8,9,12,1,14,2,21,17,23,15,30,20,4,24,6,26,5,13,28,18,10,0,11,16,3,25,22,27
0,26,0,18,25,22,11,7,10,30,0,3,24,17,14,8,21,20,27,0,5,4,1,29,6,23,2,12,19,15
15,4,12,11,7,2,29,10,30,17,0,22,5,0,27,0,18,9,20,23,0,1,0,6,14,28,24,13,25,16
0,4,30,0,21,12,1,29,0,15,23,22,3,0,18,10,24,9,8,0,2,19,0,7,14,11,17,5,0,20
27,11,5,10,26,17,0,20,25,2,30,28,7,0,21,0,1,0,0,23,12,16,19,13,8,18,4,22,15,24
0,6,0,12,9,25,0,16,22,11,13,15,19,0,20,29,28,0,24,10,0,17,3,5,7,18,8,2,1,23
25,0,8,9,20,4,0,13,21,0,16,24,0,0,18,1,6,29,27,11,7,28,2,15,3,14,12,26,5,17
6,30,4,15,20,5,16,1,27,28,12,7,21,0,19,25,0,22,23,10,18,8,2,11,3,17,24,14,13,0
8,22,9,29,15,14,11,27,0,16,25,17,23,3,1,21,20,10,30,5,0,7,0,4,26,0,19,6,28,0
21,4,0,19,0,22,26,15,8,28,0,20,2,24,5,0,9,16,17,0,27,29,25,10,12,6,0,1,13,3
3,28,0,24,21,12,27,17,20,30,23,9,0,18,5,11,13,16,29,7,2,14,1,26,0,25,19,8,0,4
7,12,17,21,6,11,18,13,26,19,16,15,0,2,30,25,20,8,0,22,0,4,10,3,24,0,29,27,23,28
0,29,0,0,18,19,16,23,22,17,15,14,1,30,7,21,5,4,12,11,9,13,3,26,0,28,25,0,20,2
8,12,9,28,24,0,0,4,2,23,7,5,19,1,0,22,21,11,14,15,0,26,13,25,10,27,0,30,16,18
25,4,24,1,0,8,2,0,5,0,23,22,0,7,3,29,10,12,0,21,0,11,16,9,17,19,30,6,13,20
27,29,30,13,20,25,26,4,0,14,2,0,1,0,16,5,10,28,9,19,15,6,21,0,18,3,12,24,23,22
15,23,10,2,24,21,26,17,28,30,9,7,0,5,0,14,13,0,25,29,27,11,16,20,8,0,22,3,19,4
27,0,19,24,14,0,20,10,0,11,29,21,6,2,3,5,16,26,8,4,28,0,25,18,1,13,30,9,22,15
11,0,25,8,26,0,0,0,0,9,20,7,5,24,4,23,10,0,21,16,12,0,2,3,13,1,0,18,6,22
0,18,10,6,12,0,24,2,0,29,17,8,16,22,20,28,13,0,15,0,11,0,0,0,23,7,19,1,27,3
15,18,14,16,0,22,5,0,2,7,0,24,27,26,21,19,28,0,17,0,29,10,0,23,13,0,6,25,0,11
13,21,11,0,20,5,26,0,1,2,0,29,14,15,24,0,6,25,12,8,23,9,0,7,28,3,17,4,18,16
25,10,23,0,14,0,6,20,1,5,21,2,24,18,27,30,0,7,29,13,16,28,19,3,11,12,22,4,17,15
20,8,27,11,12,10,5,6,17,23,0,22,26,25,24,30,0,16,4,13,18,0,15,3,1,29,28,7,0,9
8,23,0,25,0,20,19,0,4,21,0,13,9,5,28,14,0,16,26,15,18,10,0,29,0,27,3,7,17,11
15,11,26,24,0,28,13,4,0,0,25,17,5,16,2,18,10,27,30,0,8,14,6,7,19,22,20,29,12,9
27,23,1,6,2,13,10,5,8,25,15,11,16,24,28,0,0,0,17,9,12,14,22,26,18,30,21,19,0,3
24,18,12,21,8,7,17,4,14,0,28,9,5,6,22,27,19,26,0,16,30,10,3,0,0,25,1,2,15,23
19,0,11,7,23,0,26,24,17,14,29,10,9,15,1,0,20,27,25,21,16,0,3,5,30,28,12,18,13,0
14,21,0,7,23,0,12,6,0,0,24,0,5,19,16,18,8,4,10,13,30,26,15,0,1,3,2,20,0,0
24,8,9,18,1,26,0,28,16,14,3,0,10,2,17,21,19,13,5,15,27,4,7,11,0,0,12,30,23,0
25,4,22,14,29,11,2,16,12,30,0,0,0,21,26,0,27,28,10,5,9,20,1,0,0,17,0,3,24,8
2,24,20,10,8,4,13,27,7,15,5,19,23,30,21,26,6,14,3,16,1,0,0,29,12,22,17,25,18,28
28,25,11,14,30,5,6,17,21,0,13,19,16,9,8,4,0,23,0,12,7,26,0,15,29,24,2,20,0,18
9,3,1,28,14,0,8,0,10,4,21,27,2,18,22,0,0,24,12,23,15,6,30,7,19,13,16,5,0,25
19,0,30,2,11,4,13,1,25,21,6,3,10,8,29,20,9,28,5,17,18,0,0,15,27,12,7,23,14,16
27,8,18,21,6,2,4,14,10,1,5,29,30,19,0,20,15,13,0,26,0,17,28,22,3,11,25,16,7,24
21,27,11,22,24,10,15,9,18,0,16,30,19,5,0,17,25,0,29,23,7,8,26,12,0,1,6,3,4,13
17,4,2,22,11,12,25,21,15,7,0,0,26,19,16,0,28,5,1,0,6,29,13,8,23,24,18,27,30,14
9,20,0,0,12,16,0,29,0,22,6,30,11,8,0,14,21,2,4,0,24,0,13,1,10,5,18,27,25,19
18,7,4,14,25,22,19,11,28,15,0,3,24,27,26,2,9,5,20,13,30,0,17,1,10,12,21,29,6,23
24,19,23,28,29,14,0,10,2,18,0,20,26,15,22,0,21,17,5,4,0,16,27,0,30,25,12,0,11,9
17,4,16,0,1,12,15,29,14,21,27,28,0,3,20,24,30,13,23,18,0,11,7,19,0,2,26,5,9,8
21,25,2,9,14,24,16,28,7,12,0,1,0,23,3,17,0,29,5,0,0,0,0,11,0,0,15,20,27,10
17,6,2,1,22,18,24,10,28,27,4,5,0,23,9,0,30,26,0,12,19,0,8,25,0,14,16,21,7,20
21,5,28,9,18,23,10,27,6,1,0,0,22,12,30,7,13,19,8,29,4,14,0,26,2,11,17,0,0,25
14,24,26,10,0,29,23,12,8,13,0,0,0,6,5,9,2,27,21,25,18,7,28,1,19,16,22,0,0,4
25,3,27,6,0,9,10,30,17,20,18,5,11,4,19,26,0,29,0,28,23,24,22,16,7,1,21,12,15,13
18,6,11,17,3,23,21,5,16,0,30,19,24,9,28,0,20,7,0,8,10,26,12,0,22,2,0,0,4,1
0,29,25,10,26,21,22,0,19,0,28,7,20,30,4,6,2,0,3,12,15,24,27,9,23,0,17,13,0,1
26,0,0,14,17,10,3,21,0,23,22,5,19,13,6,27,11,0,18,28,25,29,7,4,30,24,15,1,16,20
0,30,8,1,29,12,17,27,15,21,28,26,19,20,13,4,11,0,18,22,6,16,0,3,14,7,9,0,25,0
21,0,0,0,16,15,0,0,11,8,20,0,22,3,18,0,10,17,6,5,30,9,26,27,12,19,7,2,23,24
25,1,13,10,12,18,6,20,14,9,27,19,7,22,0,24,11,30,21,15,17,0,26,0,8,4,28,2,16,0
0,19,10,18,6,4,25,20,27,0,1,30,11,0,9,0,2,17,14,0,15,24,22,12,26,13,16,5,23,3
4,0,28,0,30,15,19,6,0,7,22,5,1,8,27,25,13,0,29,2,3,14,16,21,9,23,17,11,18,0
3,0,21,2,15,28,13,0,25,8,1,23,12,0,29,14,22,11,17,30,0,27,18,16,6,10,7,24,20,26
25,14,7,3,2,11,1,9,10,0,12,20,15,30,18,0,27,21,17,4,5,0,24,6,29,16,13,26,19,0
5,16,27,9,22,14,6,0,17,20,15,7,11,0,3,0,28,8,12,18,0,25,10,1,23,24,26,2,21,13
26,1,0,10,7,17,22,0,0,28,25,11,20,19,12,18,8,15,24,30,14,23,29,6,21,27,13,16,4,5
30,20,6,18,0,11,28,5,19,16,4,21,14,24,8,9,0,10,12,1,26,0,27,3,17,15,0,13,7,25
2,0,7,23,17,29,0,13,30,25,20,9,10,28,16,18,19,0,6,0,0,11,27,0,4,8,24,15,12,22
14,0,11,24,0,10,28,29,16,15,22,3,4,2,23,27,26,25,17,8,13,7,0,12,0,1,5,30,19,6
8,28,6,14,9,11,22,26,18,19,5,7,0,3,13,30,25,16,0,23,29,0,27,4,21,17,24,12,0,2
0,29,25,22,17,23,30,16,26,8,28,6,15,11,18,19,4,3,24,10,0,9,21,1,0,7,14,13,0,20
27,30,29,14,3,10,15,17,23,0,19,0,0,11,8,2,9,25,28,1,12,0,22,18,7,6,21,5,16,13
11,19,14,0,22,12,2,20,0,0,26,7,29,1,9,0,4,27,24,30,25,6,3,10,23,8,0,13,21,16
28,0,6,23,9,27,21,12,11,30,8,1,18,10,26,4,7,14,5,2,0,25,13,17,15,3,19,0,20,22
11,0,5,16,0,20,24,12,15,7,13,0,28,21,22,0,27,14,25,0,9,30,3,1,4,18,23,8,17,10
8,0,7,28,15,30,17,2,12,0,14,21,0,16,20,6,27,29,0,3,1,25,18,0,10,19,26,23,0,0
8,30,4,23,18,17,26,14,12,13,2,11,19,5,28,0,0,15,9,10,24,0,7,29,16,1,25,0,0,27
6,0,11,0,25,13,3,17,0,19,1,4,26,2,12,24,21,10,28,14,30,16,7,27,18,0,8,22,5,0
7,13,0,20,9,29,0,12,24,0,21,11,23,4,18,5,22,8,17,30,10,15,16,19,26,0,25,6,0,0
28,20,19,22,16,8,1,29,15,4,9,6,18,30,0,2,0,12,25,0,0,13,14,27,0,21,23,11,24,7
7,0,27,2,0,4,15,6,17,1,10,18,5,0,12,25,29,9,20,21,11,8,16,28,14,13,23,30,0,22
30,23,0,29,19,26,0,0,21,20,18,25,0,0,12,1,5,13,22,15,16,11,0,0,24,27,7,2,28,8
16,6,23,21,0,4,30,7,15,0,8,20,14,18,26,13,22,25,17,29,0,3,27,19,12,5,9,10,28,2
23,21,13,27,16,5,17,22,0,9,10,29,30,24,0,4,18,20,2,25,28,15,8,6,19,11,1,12,0,7
14,12,6,2,28,24,0,5,0,30,19,25,1,0,0,15,0,0,22,29,3,17,0,0,23,9,7,13,26,0
0,17,27,22,2,20,6,19,1,26,0,10,28,24,16,30,21,0,25,29,23,15,8,9,18,7,0,11,3,12
6,23,12,18,30,2,0,17,19,11,0,0,16,25,0,20,10,14,0,29,13,27,22,5,24,0,28,8,15,26
7,9,4,12,8,20,18,23,10,13,19,27,3,0,28,30,2,11,29,26,22,1,25,0,6,14,0,16,15,24
14,21,30,28,15,26,0,18,2,13,10,22,5,20,23,8,4,1,12,9,0,3,0,29,6,11,0,27,16,0
6,1,27,22,0,20,18,24,15,12,3,23,0,30,16,8,9,4,17,11,10,5,0,28,26,0,25,0,21,29
28,29,18,2,0,16,8,1,25,13,15,0,0,0,26,27,3,23,10,19,22,4,5,20,0,14,12,6,17,7
2,12,0,13,26,8,9,22,1,30,17,21,29,0,18,3,0,25,27,24,19,20,15,5,0,10,16,14,0,11
9,12,19,15,17,24,22,7,10,3,8,26,28,0,0,18,23,14,21,1,4,29,11,25,20,5,30,2,6,16
22,4,16,6,15,0,23,0,26,5,30,3,0,0,11,14,29,1,28,12,25,20,27,8,13,7,17,0,19,18
3,28,11,17,7,14,13,19,2,21,30,16,6,0,25,26,5,29,10,1,22,9,12,18,24,20,0,27,4,8
