In the julia REPL, include the file "experiments/experiment_functions.jl" and run the followings.

test_parse_and_read([[1,3,5,8,9,11,2,4],[6,7,10,12,13,14,15,16],[17,18,19,20]],0.1,50,4*10^6,50,0.1)
test_parse_and_read([[1,3,5,8,9,11,2,4],[6,7,10,12],[13,14,15,16],[17,18,19,20]],0.1,50,4*10^6,50,0.1)
test_parse_and_read([[1,3,5,7,9,11],[2,4,6],[8,10,12,13,14,15],[16,17,18,19,20]],0.1,50,4*10^6,50,0.1)
test_parse_and_read([[1,2,3,4,5,6,7],[8,9,10,11,12,13,14],[15,16,17,18,19,20,21],[22,23,24,25],[26,27,28,29,30]],0.1,50,4*10^6,50,0.1)
test_parse_and_read([[1,2,3,4,5,6,7],[8,9,26,27,28,29,30],[15,16,17,18,19,20,21],[22,23,24,25],[10,11,12,13,14]],0.1,50,4*10^6,50,0.1)
test_parse_and_read([[30,28,27,26,25,24],[29,23,22,21,20,19],[1,10,11,13,14,12],[2,3,4,5,6,7],[8,9,15,16,17,18]],0.1,50,4*10^6,50,0.1)
test_parse_and_read([[1,2,3,4,5,6,7],[8,9,10,11,12,13,14],[15,16,17,18,19,20]],0.1,50,4*10^6,50,0.1)
test_parse_and_read([[1,2,3,4,5,6,7],[8,9,10,11],[12,13,14],[15,16,17,18,19,20]],0.1,50,4*10^6,50,0.1)
test_parse_and_read([[23,21,19,17,15,13,11],[9,7,5,3,1],[2,4,6,8,10],[12,14,16,18,20,22]],0.1,50,4*10^6,50,0.1)
test_parse_and_read([[1,10,20,25],[2,3,4,5,6,7,8],[9,11,12,13,14,15],[16,17,18,19,21,22,24],[23]],0.1,50,4*10^6,50,0.1)

test_pop([[1,2,3,4,5,6,7],[8,9,10,11,12,13,14],[15,16,17,18,19,20,21],[22,23,24,25],[26,27,28,29,30]],0.1,50,4*10^6,50,0.1; verbose = true)
test_pop([[1,3,5,8,9,11,2],[4],[6,7,10,12,13,14,15,16],[17,18,19,20]],0.1,50,4*10^6,50,0.1; verbose = true)
test_pop([[1,3,5,8,9,11,2],[4],[6,7,10,12],[13,14,15,16],[17,18,19,20]],0.1,50,4*10^6,50,0.1; verbose = true)
test_pop([[1,3,5,7,9,11],[2,4,6],[8,10,12,13,14,15],[16,17,18,19,20]],0.1,50,4*10^6,50,0.1; verbose = true)
test_pop([[1,2,3,4,5,6,7],[8,9,26,27,28,29,30],[15,16,17,18,19,20,21],[22,23,24,25],[10,11,12,13,14]],0.1,50,4*10^6,50,0.1; verbose = true)
test_pop([[30,28,27,26,25,24],[29,23,22,21,20,19],[1,10,11,13,14,12],[2,3,4,5,6,7],[8,9,15,16,17,18]],0.1,50,4*10^6,50,0.1; verbose = true)
test_pop([[1,2,3,4,5,6,7],[8,9,10,11,12,13,14],[15,16,17,18,19,20]],0.1,50,4*10^6,50,0.1; verbose = true)
test_pop([[1,2,3,4,5,6,7],[8,9,10,11],[12,13,14],[15,16,17,18,19,20]],0.1,50,4*10^6,50,0.1; verbose = true)
test_pop([[23,21,19,17,15,13,11],[9,7,5,3,1],[2,4,6,8,10],[12,14,16,18,20,22]],0.1,50,4*10^6,50,0.1; verbose = true)
test_pop([[1,10,20,25],[2,3,4,5,6,7,8],[9,11,12,13,14,15],[16,17,18,19,21,22,24],[23]],0.1,50,4*10^6,50,0.1; verbose = true)
test_pop([[20,19,18],[17,16,15,14,13,12],[11,10,9,8,7],[6,5,4,3,2,1]],0.1,50,4*10^6,50,0.1; verbose = true)

test_put([[7],[14],[21],[25],[30]],[[1,2,3,4,5,6],[8,9,10,11,12,13],[15,16,17,18,19,20],[22,23,24],[26,27,28,29]],0.1,50,4*10^6,50,0.1; verbose = true)
test_put([[4],[16],[20]],[[1,3,5,8,9,11],[6,7,10,12,13,14],[17,18,19,2,15]],0.1,50,4*10^6,50,0.1; verbose = true)
test_put([[4],[12],[16],[20]],[[1,3,5,8,9,11],[2,6,7,10],[13,14,15],[17,18,19]],0.1,50,4*10^6,50,0.1; verbose = true)
test_put([[11],[6],[15],[20]],[[1,3,5,7,9],[2,4],[8,10,12,13,14],[16,17,18,19]],0.1,50,4*10^6,50,0.1; verbose = true)
test_put([[7],[30],[21],[25],[14]],[[1,2,3,4,5,6],[8,9,26,27,28,29],[15,16,17,18,19,20],[22,23,24],[10,11,12,13]],0.1,50,4*10^6,50,0.1; verbose = true)
test_put([[30],[28],[27],[26],[25]],[24],[29,23,22,21,20,19],[1,10,11,13,14,12],[2,3,4,5,6,7],[8,9,15,16,17,18]],0.1,50,4*10^6,50,0.1; verbose = true)
test_put([[21],[14],[7]],[[1,2,3,4,5,6],[8,9,10,11,12,13],[15,16,17,18,19,20]],0.1,50,4*10^6,50,0.1; verbose = true)
test_put([[21],[22],[23],[7]],[[1,2,3,4,5,6],[8,9,10,11],[12,13,14],[15,16,17,18,19,20]],0.1,50,4*10^6,50,0.1; verbose = true)
test_put([[24],[25],[26],[27]],[[23,21,19,17,15,13],[11,9,7,5,3,1],[2,4,6,8,10],[12,14,16,18,20,22]],0.1,50,4*10^6,50,0.1; verbose = true)
test_put([[25],[24],[23],[22]],[[1,10,20],[2,3,4,5,6,7,8],[9,11,12,13,14,15],[16,17,18,19,21]],0.1,50,4*10^6,50,0.1; verbose = true)
test_put([[4],[15],[20]],[[1,3,5,8,9,11],[6,7,10,12,13,14],[16,2,17,18,19]],0.1,50,4*10^6,50,0.1; verbose = true)
test_put([[30],[29],[28],[27],[26]],[[1,3,5,8,9,11],[4,6,7,10,12,13],[15,16,17,18,19,20],[22,23,24],[2,14,21,25]],0.1,50,4*10^6,50,0.1; verbose = true)
test_put([[21],[22],[23],[24]],[[20,19,18],[17,16,15,14,13,12],[11,10,9,8,7],[6,5,4,3,2,1]],0.1,50,4*10^6,50,0.1; verbose = true)

test_intersect([[1,2,3,4,5,6,7],[8,9,10,11,12],[13,14,15,16,17],[18,19,20]],[[3,2,1,4,5,6,7],[10,9,8,11,12],[13,14,15,16,17],[20,19,18]],0.1,50,4*10^6,50,0.1; verbose = true)
test_intersect([[1,2,3,4,5,6,7],[8,9,10,11,12],[13,14,15,16,17],[18,19,20]],[[1,2,3,4,5,6,7],[12,11,10,9,8],[15,13,14,16,17],[19,18,20]],0.1,50,4*10^6,50,0.1; verbose = true)
test_intersect([[1,2,3,4,5,6,7],[8,9,10,11,12],[13,14,15,16,17],[18,19,20,21,22,23,24],[25,26,27,28,29,30]],[[7,6,5,4,3,2,1],[9,8,10,11,12]],0.1,50,4*10^6,50,0.1; verbose = true)
